0.82887
0.82893
0.82890
0.82889
0.82892
0.82886
0.82888
0.82890
0.82890
0.82892
0.82889
0.82888
0.82891
0.82892
0.82891
0.82889
0.82891
0.82892
0.82890
0.82893
0.82890
0.82891
0.82888
0.82890
0.82888
0.82887
0.82889
0.82890
0.82890
0.82888
0.82889
0.82890
0.82890
0.82889
0.82891
0.82889
0.82892
0.82893
0.82890
0.82890
0.82890
0.82890
0.82894
0.82890
0.82891
0.82890
0.82890
0.82890
0.82890
0.82891
0.82890
0.82892
0.82889
0.82889
0.82890
0.82891
0.82889
0.82888
0.82888
0.82891
0.82888
0.82891
0.82889
0.82887
0.82891
0.82888
0.82889
0.82887
0.82890
0.82887
0.82888
0.82888
0.82890
0.82890
0.82887
0.82888
0.82888
0.82887
0.82888
0.82889
0.82888
0.82888
0.82888
0.82890
0.82888
0.82892
0.82890
0.82886
0.82889
0.82888
0.82888
0.82889
0.82888
0.82890
0.82889
0.82887
0.82888
0.82887
0.82891
0.82891
0.82887
0.82887
0.82888
0.82889
0.82889
0.82889
0.82891
0.82890
0.82889
0.82888
0.82888
0.82887
0.82888
0.82890
0.82888
0.82885
0.82887
0.82889
0.82888
0.82887
0.82891
0.82890
0.82888
0.82890
0.82887
0.82890
0.82887
0.82890
0.82888
0.82890
0.82888
0.82890
0.82891
0.82888
0.82890
0.82888
0.82888
0.82890
0.82890
0.82890
0.82889
0.82887
0.82889
0.82889
0.82889
0.82887
0.82887
0.82888
0.82890
0.82887
0.82890
0.82889
0.82891
0.82888
0.82886
0.82888
0.82886
0.82885
0.82887
0.82889
0.82889
0.82887
0.82886
0.82888
0.82885
0.82890
0.82887
0.82888
0.82889
0.82889
0.82887
0.82888
0.82887
0.82887
0.82887
0.82887
0.82887
0.82886
0.82888
0.82886
0.82884
0.82888
0.82887
0.82888
0.82889
0.82889
0.82887
0.82887
0.82890
0.82887
0.82888
0.82888
0.82888
0.82889
0.82888
0.82888
0.82887
0.82888
0.82889
0.82887
0.82886
0.82886
0.82887
0.82890
0.82887
0.82890
0.82887
0.82888
0.82889
0.82886
0.82886
0.82886
0.82885
0.82889
0.82885
0.82888
0.82887
0.82887
0.82889
0.82887
0.82887
0.82888
0.82887
0.82885
0.82886
0.82888
0.82888
0.82884
0.82886
0.82886
0.82887
0.82887
0.82884
0.82885
0.82888
0.82885
0.82888
0.82884
0.82887
0.82886
0.82887
0.82887
0.82888
0.82884
0.82886
0.82888
0.82889
0.82887
0.82885
0.82887
0.82886
0.82887
0.82888
0.82885
0.82884
0.82885
0.82888
0.82886
0.82886
0.82885
0.82884
0.82885
0.82887
0.82884
0.82887
0.82886
0.82887
0.82884
0.82885
0.82886
0.82883
0.82887
0.82883
0.82887
0.82885
0.82886
0.82889
0.82886
0.82888
0.82886
0.82887
0.82885
0.82886
0.82887
0.82887
0.82884
0.82885
0.82885
0.82885
0.82882
0.82883
0.82882
0.82887
0.82885
0.82885
0.82884
0.82884
0.82884
0.82884
0.82885
0.82884
0.82883
0.82884
0.82883
0.82888
0.82887
0.82887
0.82885
0.82883
0.82886
0.82884
0.82884
0.82884
0.82884
0.82886
0.82885
0.82885
0.82883
0.82886
0.82884
0.82887
0.82883
0.82883
0.82886
0.82885
0.82885
0.82884
0.82882
0.82883
0.82885
0.82882
0.82885
0.82884
0.82885
0.82884
0.82885
0.82886
0.82884
0.82886
0.82884
0.82885
0.82887
0.82887
0.82883
0.82886
0.82884
0.82885
0.82886
0.82886
0.82884
0.82885
0.82884
0.82884
0.82884
0.82887
0.82886
0.82883
0.82882
0.82886
0.82883
0.82886
0.82884
0.82884
0.82886
0.82885
0.82885
0.82883
0.82884
0.82885
0.82885
0.82884
0.82882
0.82884
0.82885
0.82882
0.82884
0.82885
0.82885
0.82883
0.82883
0.82882
0.82885
0.82885
0.82883
0.82883
0.82884
0.82885
0.82882
0.82887
0.82882
0.82883
0.82886
0.82884
0.82885
0.82885
0.82881
0.82883
0.82883
0.82885
0.82886
0.82882
0.82883
0.82885
0.82883
0.82885
0.82883
0.82885
0.82882
0.82887
0.82885
0.82885
0.82885
0.82885
0.82884
0.82884
0.82885
0.82883
0.82884
0.82886
0.82881
0.82884
0.82882
0.82885
0.82884
0.82884
0.82882
0.82883
0.82885
0.82886
0.82883
0.82886
0.82880
0.82885
0.82884
0.82885
0.82881
0.82884
0.82882
0.82886
0.82883
0.82885
0.82882
0.82882
0.82884
0.82886
0.82888
0.82884
0.82886
0.82885
0.82885
0.82886
0.82884
0.82885
0.82885
0.82883
0.82886
0.82885
0.82885
0.82883
0.82884
0.82883
0.82884
0.82883
0.82884
0.82882
0.82884
0.82884
0.82883
0.82882
0.82885
0.82884
0.82883
0.82883
0.82883
0.82885
0.82886
0.82880
0.82884
0.82882
0.82879
0.82884
0.82883
0.82882
0.82883
0.82882
0.82886
0.82885
0.82883
0.82883
0.82883
0.82885
0.82884
0.82885
0.82883
0.82884
0.82885
0.82883
0.82885
0.82883
0.82886
0.82882
0.82885
0.82884
0.82886
0.82886
0.82887
0.82884
0.82881
0.82883
0.82883
0.82880
0.82882
0.82884
0.82883
0.82883
0.82883
0.82883
0.82881
0.82885
0.82881
0.82881
0.82884
0.82885
0.82881
0.82883
0.82881
0.82882
0.82881
0.82881
0.82881
0.82880
0.82886
0.82883
0.82880
0.82880
0.82883
0.82883
0.82883
0.82883
0.82882
0.82882
0.82881
0.82883
0.82881
0.82880
0.82881
0.82883
0.82884
0.82880
0.82882
0.82879
0.82880
0.82884
0.82882
0.82881
0.82882
0.82879
0.82883
0.82881
0.82880
0.82880
0.82884
0.82883
0.82884
0.82882
0.82884
0.82879
0.82880
0.82880
0.82882
0.82882
0.82882
0.82879
0.82881
0.82881
0.82881
0.82882
0.82883
0.82882
0.82880
0.82881
0.82879
0.82882
0.82880
0.82880
0.82881
0.82883
0.82880
0.82881
0.82881
0.82882
0.82881
0.82882
0.82879
0.82880
0.82880
0.82881
0.82883
0.82880
0.82882
0.82883
0.82881
0.82879
0.82882
0.82879
0.82878
0.82883
0.82879
0.82881
0.82882
0.82881
0.82880
0.82881
0.82880
0.82883
0.82881
0.82882
0.82881
0.82881
0.82880
0.82880
0.82881
0.82881
0.82880
0.82882
0.82879
0.82879
0.82878
0.82880
0.82883
0.82881
0.82880
0.82884
0.82880
0.82880
0.82881
0.82879
0.82881
0.82878
0.82880
0.82881
0.82883
0.82881
0.82879
0.82883
0.82881
0.82880
0.82878
0.82882
0.82880
0.82879
0.82881
0.82879
0.82878
0.82880
0.82879
0.82883
0.82880
0.82882
0.82883
0.82881
0.82880
0.82879
0.82882
0.82879
0.82880
0.82878
0.82880
0.82879
0.82881
0.82879
0.82883
0.82878
0.82881
0.82878
0.82878
0.82881
0.82881
0.82875
0.82880
0.82878
0.82880
0.82880
0.82882
0.82878
0.82880
0.82878
0.82881
0.82879
0.82881
0.82880
0.82879
0.82883
0.82878
0.82879
0.82880
0.82880
0.82877
0.82878
0.82881
0.82881
0.82880
0.82878
0.82879
0.82880
0.82880
0.82880
0.82878
0.82878
0.82879
0.82882
0.82877
0.82879
0.82879
0.82880
0.82877
0.82880
0.82879
0.82879
0.82878
0.82882
0.82878
0.82880
0.82880
0.82880
0.82881
0.82879
0.82879
0.82878
0.82881
0.82877
0.82881
0.82881
0.82880
0.82880
0.82879
0.82880
0.82878
0.82877
0.82880
0.82881
0.82880
0.82879
0.82881
0.82879
0.82879
0.82879
0.82877
0.82881
0.82881
0.82880
0.82880
0.82881
0.82882
0.82880
0.82879
0.82880
0.82883
0.82879
0.82878
0.82880
0.82881
0.82880
0.82880
0.82880
0.82879
0.82878
0.82883
0.82881
0.82879
0.82881
0.82881
0.82878
0.82880
0.82881
0.82881
0.82881
0.82882
0.82880
0.82881
0.82880
0.82883
0.82879
0.82881
0.82878
0.82881
0.82878
0.82881
0.82881
0.82879
0.82880
0.82882
0.82880
0.82879
0.82879
0.82878
0.82877
0.82879
0.82880
0.82880
0.82880
0.82880
0.82880
0.82880
0.82879
0.82879
0.82877
0.82879
0.82880
0.82876
0.82880
0.82879
0.82880
0.82881
0.82877
0.82880
0.82878
0.82880
0.82879
0.82878
0.82879
0.82878
0.82879
0.82880
0.82879
0.82875
0.82880
0.82880
0.82881
0.82878
0.82878
0.82883
0.82880
0.82880
0.82880
0.82879
0.82878
0.82881
0.82877
0.82880
0.82879
0.82878
0.82879
0.82877
0.82880
0.82882
0.82879
0.82882
0.82882
0.82880
0.82882
0.82881
0.82879
0.82880
0.82880
0.82880
0.82879
0.82880
0.82882
0.82880
0.82881
0.82882
0.82880
0.82880
0.82880
0.82882
0.82879
0.82881
0.82880
0.82879
0.82880
0.82879
0.82877
0.82880
0.82878
0.82878
0.82879
0.82881
0.82878
0.82879
0.82880
0.82875
0.82881
0.82878
0.82878
0.82881
0.82881
0.82881
0.82879
0.82881
0.82879
0.82880
0.82881
0.82881
0.82882
0.82881
0.82881
0.82882
0.82880
0.82880
0.82880
0.82877
0.82880
0.82880
0.82879
0.82876
0.82878
0.82877
0.82880
0.82878
0.82879
0.82877
0.82878
0.82878
0.82877
0.82880
0.82879
0.82878
0.82876
0.82879
0.82877
0.82878
0.82878
0.82879
0.82877
0.82880
0.82878
0.82879
0.82878
0.82878
0.82879
0.82880
0.82880
0.82876
0.82879
0.82877
0.82881
0.82879
0.82877
0.82879
0.82880
0.82878
0.82878
0.82877
0.82879
0.82877
0.82877
0.82881
0.82881
0.82878
0.82879
0.82879
0.82877
0.82878
0.82878
0.82880
0.82878
0.82878
0.82877
0.82878
0.82881
0.82878
0.82880
0.82881
0.82879
0.82877
0.82877
0.82878
0.82877
0.82881
0.82878
0.82878
0.82878
0.82879
0.82877
0.82880
0.82879
0.82879
0.82880
0.82879
0.82881
0.82876
0.82879
0.82877
0.82878
0.82880
0.82879
0.82879
0.82879
0.82881
0.82879
0.82876
0.82876
0.82880
0.82880
0.82878
0.82879
0.82881
0.82881
0.82876
