0.0064632864
0.0062112703
0.0061651702
0.0061651702
0.0062481508
0.0064110394
0.0058947139
0.0063649387
0.0065616341
0.0065093870
0.0060360885
0.0065032396
0.0063096180
0.0063803053
0.0062081966
0.0063372784
0.0064356260
0.0060791159
0.0062758112
0.0063864522
0.0061405830
0.0063188381
0.0065524139
0.0065093870
0.0062020502
0.0061897564
0.0062051229
0.0063342047
0.0063372784
0.0062450771
0.0064540663
0.0064048920
0.0064540663
0.0064048920
0.0061221428
0.0064602132
0.0062204905
0.0061959033
0.0061159964
0.0064632864
0.0064264059
0.0061989775
0.0061836100
0.0064386992
0.0061866832
0.0061467295
0.0062143440
0.0061528769
0.0061866832
0.0064571390
0.0063311315
0.0062973251
0.0062020502
0.0063680120
0.0063372784
0.0063157649
0.0061221428
0.0062758112
0.0065155334
0.0062850308
0.0062297106
0.0061528769
0.0060022821
0.0064386992
0.0063772321
0.0062420039
0.0065216804
0.0067183757
0.0064817262
0.0063003979
0.0062420039
0.0062911777
0.0062020502
0.0062881045
0.0063925986
0.0063096180
0.0063096180
0.0060852623
0.0063710856
0.0062973251
0.0063864522
0.0062512245
0.0062235641
0.0062635179
0.0066661286
0.0062450771
0.0062881045
0.0062450771
0.0063987455
0.0064294791
0.0064202595
0.0062573709
0.0062327838
0.0062389307
0.0065770006
0.0065339737
0.0063249850
0.0061159964
0.0063956728
0.0064294791
0.0060483818
0.0062635179
0.0062788844
0.0061467295
0.0063464985
0.0064663596
0.0061375093
0.0063557186
0.0065401201
0.0062881045
0.0064417725
0.0061866832
0.0065739274
0.0061528769
0.0064294791
0.0062420039
0.0061252165
0.0063772321
0.0061590233
0.0063157649
0.0061467295
0.0061805367
0.0062604437
0.0063280582
0.0062665911
0.0060637484
0.0063096180
0.0062327838
0.0064386992
0.0062911777
0.0064048920
0.0063280582
0.0063249850
0.0060545292
0.0060637484
0.0062174172
0.0063680120
0.0063372784
0.0063557186
0.0062573709
0.0062819576
0.0061959033
0.0064970932
0.0063710856
0.0061774635
0.0063557186
0.0062389307
0.0064479198
0.0062420039
0.0062420039
0.0064847999
0.0063219118
0.0061405830
0.0062450771
0.0062850308
0.0062358570
0.0061928301
0.0061129227
0.0062542973
0.0061836100
0.0064755797
0.0064325523
0.0064602132
0.0061651702
0.0063372784
0.0062143440
0.0062389307
0.0063741589
0.0063034716
0.0060975556
0.0061897564
0.0064325523
0.0065309000
0.0061282892
0.0060330153
0.0060576019
0.0065309000
0.0062542973
0.0062665911
0.0059100809
0.0064817262
0.0060268688
0.0062020502
0.0062758112
0.0062604437
0.0063249850
0.0057533388
0.0057441187
0.0057164583
0.0057779260
0.0057994394
0.0055873771
0.0058148060
0.0059746213
0.0056211834
0.0055289831
0.0057287521
0.0057902193
0.0057871461
0.0058762736
0.0055320568
0.0059008603
0.0058885670
0.0057103114
0.0056334777
0.0059223742
0.0061159964
0.0056672840
0.0058209524
0.0059807682
0.0056365499
0.0057072382
0.0057287521
0.0059992080
0.0058885670
0.0057379723
0.0058209524
0.0057441187
0.0058486133
0.0057656326
0.0055228367
0.0058178797
0.0056980181
0.0055812306
0.0059408140
0.0057287521
0.0056150370
0.0056672840
0.0056857247
0.0055228367
0.0056887980
0.0057103114
0.0055658631
0.0057348990
0.0056426978
0.0055197630
0.0056611376
0.0058609066
0.0059531078
0.0057133846
0.0055228367
0.0055597162
0.0054921026
0.0057809997
0.0056857247
0.0057010913
0.0057809997
0.0057471924
0.0056765041
0.0057379723
0.0055658631
0.0055812306
0.0055965972
0.0057010913
0.0057809997
0.0058270998
0.0057687054
0.0058270998
0.0053630214
0.0056242571
0.0057041650
0.0053783884
0.0056765041
0.0059346676
0.0056795783
0.0055781565
0.0058055859
0.0057625589
0.0056334777
0.0057226057
0.0056611376
0.0055996704
0.0056765041
0.0057441187
0.0058639803
0.0057717795
0.0058178797
0.0057656326
0.0057379723
0.0056519175
0.0057348990
0.0057410455
0.0056027436
0.0055197630
0.0059100809
0.0058762736
0.0056980181
0.0057564125
0.0056519175
0.0055904503
0.0057471924
0.0058639803
0.0054091220
0.0056980181
0.0055689373
0.0055873771
0.0056519175
0.0060698957
0.0061866832
0.0057656326
0.0056058168
0.0057625589
0.0057748518
0.0057471924
0.0054675155
0.0058025126
0.0057226057
0.0057410455
0.0056211834
0.0059131536
0.0057502656
0.0056242571
0.0056334777
0.0056918716
0.0058455400
0.0056242571
0.0058148060
0.0057164583
0.0056703577
0.0059776950
0.0054798088
0.0056027436
0.0054736624
0.0058178797
0.0059100809
0.0055289831
0.0055750837
0.0053568745
0.0059807682
0.0056734314
0.0056549911
0.0059100809
0.0056918716
0.0058178797
0.0056273308
0.0058639803
0.0055812306
0.0055228367
0.0057994394
0.0057379723
0.0056242571
0.0056549911
0.0055904503
0.0056488442
0.0056088905
0.0056795783
0.0057840729
0.0054521489
0.0054705896
0.0057072382
0.0058178797
0.0055382032
0.0056058168
0.0055658631
0.0058209524
0.0055965972
0.0057010913
0.0054582958
0.0057656326
0.0058824201
0.0055658631
0.0057164583
0.0053660946
0.0057963662
0.0059100809
0.0054828825
0.0055504966
0.0055443497
0.0056242571
0.0057779260
0.0054705896
0.0056027436
0.0057010913
0.0058639803
0.0054982491
0.0056304045
0.0055474234
0.0054214149
0.0055996704
0.0054890294
0.0056304045
0.0056949449
0.0060237951
0.0054429288
0.0055750837
0.0056949449
0.0054675155
0.0058209524
0.0055812306
0.0054951763
0.0057072382
0.0058055859
0.0056980181
0.0057041650
0.0060207214
0.0057564125
0.0056549911
0.0056642108
0.0055136156
0.0056058168
0.0056549911
0.0057932925
0.0059807682
0.0058117332
0.0056703577
0.0058455400
0.0057717795
0.0057871461
0.0056304045
0.0056887980
0.0056426978
0.0056304045
0.0057195320
0.0057287521
0.0057287521
0.0059193010
0.0057226057
0.0057348990
0.0056150370
0.0056703577
0.0055228367
0.0055627899
0.0058547602
0.0057564125
0.0056457710
0.0054429288
0.0056181107
0.0056734314
0.0056058168
0.0058547602
0.0054244890
0.0057656326
0.0058762736
0.0058117332
0.0058670530
0.0057133846
0.0058824201
0.0059377408
0.0055474234
0.0056611376
0.0059377408
0.0058916402
0.0055843039
0.0054644423
0.0058916402
0.0055535698
0.0057840729
0.0057348990
0.0057348990
0.0057318258
0.0057625589
0.0058240266
0.0056826506
0.0057748518
0.0055074697
0.0057656326
0.0056365499
0.0059776950
0.0056365499
0.0056642108
0.0058148060
0.0058117332
0.0055689373
0.0055750837
0.0053599477
0.0058762736
0.0057625589
0.0056642108
0.0057932925
0.0056242571
0.0057932925
0.0053845353
0.0058824201
0.0056365499
0.0056273308
0.0058455400
0.0056334777
0.0058639803
0.0058240266
0.0056857247
0.0057287521
0.0056549911
0.0057748518
0.0056457710
0.0056304045
0.0059039345
0.0058148060
0.0056519175
0.0056365499
0.0058639803
0.0057103114
0.0057871461
0.0057195320
0.0057410455
0.0057994394
0.0057164583
0.0058547602
0.0054060483
0.0058977866
0.0055351300
0.0059377408
0.0057902193
0.0057072382
0.0057410455
0.0057533388
0.0057041650
0.0056795783
0.0057809997
0.0055812306
0.0055965972
0.0057502656
0.0057256789
0.0058363194
0.0057687054
0.0056918716
0.0057625589
0.0058270998
0.0057133846
0.0058670530
0.0055873771
0.0056795783
0.0058977866
0.0056273308
0.0057348990
0.0057994394
0.0058578339
0.0057656326
0.0056703577
0.0059254475
0.0056857247
0.0054982491
0.0056642108
0.0057871461
0.0055504966
0.0058732004
0.0058148060
0.0058793473
0.0059254475
0.0056519175
0.0058117332
0.0059223742
0.0057195320
0.0059438872
0.0057195320
0.0057041650
0.0056334777
0.0055289831
0.0058977866
0.0055720100
0.0056396241
0.0059438872
0.0058885670
0.0056488442
0.0056396241
0.0055105429
0.0056365499
0.0058486133
0.0056119637
0.0056795783
0.0058578339
0.0057226057
0.0059469609
0.0055320568
0.0058270998
0.0057348990
0.0057256789
0.0056058168
0.0057717795
0.0058332467
0.0058916402
0.0056949449
0.0057656326
0.0059193010
0.0057594852
0.0057410455
0.0057226057
0.0056396241
0.0057441187
0.0058301735
0.0059346676
0.0058424664
0.0056334777
0.0057226057
0.0056027436
0.0057041650
0.0058486133
0.0056273308
0.0057041650
0.0057471924
0.0056088905
0.0057164583
0.0057932925
0.0059899879
0.0056058168
0.0054306355
0.0057010913
0.0058270998
0.0057717795
0.0054521489
0.0056150370
0.0057779260
0.0055443497
0.0055904503
0.0057809997
0.0055504966
0.0060268688
0.0057502656
0.0055443497
0.0056457710
0.0053814611
0.0057779260
0.0058670530
0.0056519175
0.0059654007
0.0058547602
0.0058025126
0.0057226057
0.0057348990
0.0058609066
0.0057348990
0.0058670530
0.0056795783
0.0058240266
0.0058055859
0.0056304045
0.0059992080
0.0057656326
0.0057041650
0.0057502656
0.0055412765
0.0056457710
0.0056273308
0.0056734314
0.0055904503
0.0055105429
0.0057748518
0.0058547602
0.0057717795
0.0057195320
0.0057256789
0.0057717795
0.0058854938
0.0058393931
0.0054951763
0.0056058168
0.0058025126
0.0056457710
0.0056519175
0.0056857247
0.0058670530
0.0057533388
0.0057687054
0.0057195320
0.0058977866
0.0056457710
0.0055750837
0.0057410455
0.0057287521
0.0059285207
0.0058670530
0.0055996704
0.0057533388
0.0056765041
0.0057103114
0.0055105429
0.0057441187
0.0056426978
0.0059684749
0.0056703577
0.0057226057
0.0055474234
0.0058455400
0.0059131536
0.0059715481
0.0056980181
0.0056734314
0.0054921026
0.0059715481
0.0057348990
0.0057871461
0.0057164583
0.0056672840
0.0058240266
0.0057564125
0.0056365499
0.0055013227
0.0057779260
0.0057348990
0.0056549911
0.0055904503
0.0057287521
0.0059193010
0.0056273308
0.0058148060
0.0056273308
0.0055412765
0.0057010913
0.0055351300
0.0056826506
0.0058332467
0.0057502656
0.0056703577
0.0058209524
0.0056703577
0.0057471924
0.0059193010
0.0055474234
0.0056426978
0.0057226057
0.0055750837
0.0054828825
0.0056857247
0.0058025126
0.0058025126
0.0060360885
0.0056058168
0.0057963662
0.0059131536
0.0056365499
0.0055320568
0.0058148060
0.0054828825
0.0057103114
0.0056304045
0.0057687054
0.0058209524
0.0056765041
0.0055166893
0.0056457710
0.0060453086
0.0057195320
0.0056457710
0.0055382032
0.0058854938
0.0057010913
0.0059930615
0.0057717795
0.0058117332
0.0056334777
0.0055105429
0.0058885670
0.0055812306
0.0056887980
0.0058947139
0.0055074697
0.0056980181
0.0057410455
0.0055658631
0.0055105429
0.0057041650
0.0059131536
0.0056672840
0.0058148060
0.0059561815
0.0059377408
0.0058270998
0.0058363194
0.0056857247
0.0056396241
0.0059346676
0.0056887980
0.0054982491
0.0057502656
0.0056949449
0.0057041650
0.0058916402
0.0057072382
0.0057748518
0.0059408140
0.0057963662
0.0056549911
0.0054613690
0.0056273308
0.0056826506
0.0055566435
0.0058332467
0.0056058168
0.0057195320
0.0056765041
0.0053538013
0.0057103114
0.0058455400
0.0057471924
0.0057226057
0.0058025126
0.0057379723
0.0055904503
0.0055812306
0.0055720100
0.0055043960
0.0054736624
0.0059408140
0.0055750837
0.0057564125
0.0057502656
0.0056181107
0.0057256789
0.0058947139
0.0055996704
0.0058916402
0.0058424664
0.0057041650
0.0056703577
0.0056488442
0.0057748518
0.0054613690
0.0055904503
0.0057840729
0.0055136156
0.0058455400
0.0056703577
0.0058301735
0.0059561815
0.0057471924
0.0056642108
0.0056365499
0.0057748518
0.0059684749
0.0057533388
0.0056887980
0.0057748518
0.0057471924
0.0057564125
0.0057717795
0.0056365499
0.0059684749
0.0056949449
0.0056703577
0.0055382032
0.0057103114
0.0057748518
0.0054552221
0.0057871461
0.0057010913
0.0060299420
0.0058240266
0.0056703577
0.0058793473
0.0056918716
0.0059162273
0.0055566435
0.0058578339
0.0057226057
0.0057072382
0.0056119637
0.0055781565
0.0056119637
0.0056396241
0.0057256789
0.0055197630
0.0060299420
0.0055812306
0.0057010913
0.0058824201
0.0056611376
0.0057256789
0.0055228367
0.0054798088
0.0054951763
0.0057164583
0.0056273308
0.0055935240
0.0057502656
0.0057072382
0.0055382032
0.0056549911
0.0058547602
0.0055720100
0.0056334777
0.0058363194
0.0055535698
0.0056734314
0.0057656326
0.0057779260
0.0059961348
0.0055781565
0.0059623280
0.0057133846
0.0056672840
0.0057348990
0.0056887980
0.0055812306
0.0056519175
0.0058639803
0.0056242571
0.0056857247
0.0055904503
0.0059561815
0.0055750837
0.0057656326
0.0057318258
0.0056519175
0.0055935240
0.0058455400
0.0057564125
0.0056980181
0.0053507280
0.0059100809
0.0056334777
0.0058178797
0.0055043960
0.0057072382
0.0058178797
0.0057072382
0.0056611376
0.0056887980
0.0059285207
0.0057963662
0.0056795783
0.0058086596
0.0056304045
0.0057687054
0.0060360885
0.0056211834
0.0055597162
0.0058854938
0.0057226057
0.0057226057
0.0059070072
0.0057502656
0.0057410455
0.0057932925
0.0054183416
0.0057994394
0.0058270998
0.0056304045
0.0058609066
0.0058148060
0.0056642108
0.0057932925
0.0058670530
0.0056242571
0.0057041650
0.0055566435
0.0054521489
0.0057963662
0.0057072382
0.0058363194
0.0055566435
0.0057195320
0.0056365499
0.0056580644
0.0057840729
0.0055166893
0.0056949449
0.0059039345
0.0055228367
0.0057932925
0.0055627899
0.0058270998
0.0058025126
0.0056334777
0.0056027436
0.0057717795
0.0058301735
0.0054029751
0.0057348990
0.0055935240
0.0058117332
0.0058025126
0.0054675155
0.0054705896
0.0056242571
0.0057840729
0.0058547602
0.0057010913
0.0056672840
0.0056488442
0.0058148060
0.0058301735
0.0055843039
0.0057963662
0.0057103114
0.0058301735
0.0058885670
0.0054398556
0.0059193010
0.0056488442
0.0057379723
0.0055474234
0.0057564125
0.0056426978
0.0056273308
0.0058117332
0.0057533388
0.0056365499
0.0058578339
0.0055689373
0.0057871461
0.0057041650
0.0056734314
0.0055228367
0.0056457710
0.0056426978
0.0053845353
0.0057656326
0.0057687054
0.0057779260
0.0055105429
0.0057471924
