0.79154
0.79114
0.79058
0.79028
0.79027
0.79016
0.78977
0.79073
0.79000
0.79088
0.78992
0.79100
0.79026
0.79001
0.78962
0.79039
0.79009
0.79025
0.79038
0.79028
0.79021
0.78993
0.79050
0.79010
0.78971
0.79026
0.79023
0.79004
0.79028
0.78950
0.79015
0.78996
0.79015
0.78930
0.79005
0.78973
0.78990
0.78970
0.78932
0.78958
0.78972
0.78965
0.78932
0.78968
0.78931
0.78902
0.78915
0.78950
0.78990
0.78981
0.78955
0.78935
0.78972
0.78995
0.78946
0.78981
0.79000
0.78987
0.78967
0.78995
0.78988
0.78974
0.78966
0.79025
0.78998
0.78933
0.78933
0.78982
0.78970
0.79013
0.78949
0.79021
0.78964
0.78943
0.78968
0.78929
0.78931
0.78979
0.78943
0.78913
0.78937
0.79001
0.78982
0.78959
0.78971
0.78919
0.78973
0.78969
0.78938
0.78983
0.78950
0.78955
0.78942
0.78922
0.79012
0.78936
0.78985
0.78869
0.78955
0.78916
0.78959
0.78978
0.78923
0.78958
0.78949
0.78949
0.78972
0.78961
0.79007
0.78931
0.78978
0.78961
0.78932
0.78945
0.78943
0.78973
0.78918
0.78958
0.78931
0.78987
0.78953
0.78937
0.78972
0.78900
0.78967
0.78960
0.78935
0.79030
0.78917
0.78982
0.78972
0.78938
0.78959
0.78989
0.78963
0.78940
0.78930
0.78906
0.78980
0.78888
0.79030
0.78956
0.78939
0.78956
0.78982
0.78990
0.78916
0.78945
0.79034
0.78970
0.78968
0.78950
0.78988
0.78950
0.78922
0.78926
0.78949
0.78945
0.78972
0.78921
0.78975
0.78996
0.78953
0.78982
0.78995
0.78929
0.78945
0.78942
0.78932
0.78935
0.78977
0.78931
0.78932
0.78903
0.78987
0.78913
0.78970
0.78946
0.78936
0.79019
0.78915
0.78966
0.78970
0.79003
0.78992
0.78947
0.78942
0.78981
0.78943
0.78956
0.78927
0.78940
0.78899
0.78931
0.78977
0.79008
0.78936
0.78896
0.78904
0.78985
0.78931
0.78924
0.78953
0.78928
0.78927
0.78956
0.78947
0.78932
0.78957
0.78963
0.78928
0.78889
0.78939
0.78897
0.78923
0.78953
0.78989
0.78963
0.79009
0.78966
0.78965
0.78869
0.78906
0.78948
0.78923
0.78906
0.78973
0.78860
0.78916
0.78951
0.78904
0.78911
0.78908
0.78926
0.78921
0.78927
0.78897
0.78990
0.78935
0.78959
0.78923
0.78931
0.78914
0.78962
0.78909
0.78952
0.78966
0.78888
0.78875
0.78915
0.78942
0.78964
0.78952
0.78930
0.78886
0.78916
0.78906
0.78905
0.78937
0.78880
0.78933
0.78922
0.78950
0.78904
0.78956
0.78948
0.78994
0.78928
0.78894
0.78917
0.78939
0.78859
0.78921
0.79002
0.78912
0.78900
0.78912
0.79002
0.78941
0.78922
0.78917
0.78916
0.78905
0.78925
0.78925
0.78951
0.78955
0.78901
0.78927
0.78939
0.78939
0.78946
0.78912
0.78967
0.78906
0.78903
0.78937
0.78961
0.78901
0.78897
0.78972
0.78943
0.78955
0.78925
0.78924
0.78969
0.78964
0.78955
0.78958
0.78905
0.78957
0.78933
0.78872
0.78933
0.78951
0.78996
0.78937
0.78882
0.78965
0.78969
0.78947
0.78948
0.78946
0.78935
0.78958
0.79026
0.78992
0.78905
0.78950
0.78906
0.78960
0.78889
0.78939
0.78955
0.78931
0.78940
0.78945
0.78939
0.78880
0.78945
0.78903
0.78895
0.78961
0.78953
0.78911
0.78912
0.78868
0.78940
0.78951
0.78927
0.78895
0.78857
0.78929
0.78951
0.78862
0.78906
0.78967
0.78931
0.78922
0.78925
0.78879
0.78948
0.78944
0.78944
0.78898
0.78967
0.78919
0.78887
0.78899
0.78942
0.78889
0.78908
0.78948
0.78900
0.78919
0.78908
0.78929
0.78940
0.78934
0.78891
0.78910
0.78897
0.78923
0.78936
0.78949
0.78902
0.78897
0.78970
0.78948
0.78977
0.78947
0.78924
0.78952
0.78892
0.78882
0.78962
0.78913
0.78885
0.78970
0.79016
0.78912
0.78880
0.78947
0.78933
0.78898
0.78927
0.78905
0.78949
0.78949
0.78887
0.78917
0.78891
0.78973
0.78911
0.78932
0.78937
0.78949
0.78896
0.78933
0.78940
0.78905
0.78930
0.78864
0.78911
0.78904
0.78905
0.78903
0.78962
0.78925
0.78851
0.78963
0.78861
0.78863
0.78839
0.78917
0.78894
0.78898
0.78932
0.78891
0.78932
0.78937
0.78880
0.78885
0.78931
0.78912
0.78851
0.78940
0.78913
0.78915
0.78905
0.78889
0.78968
0.78875
0.78931
0.78888
0.78910
0.78921
0.78957
0.78935
0.78833
0.78920
0.78912
0.78940
0.78925
0.78931
0.78900
0.78887
0.78923
0.78918
0.78974
0.78936
0.78914
0.78893
0.78888
0.78906
0.78940
0.78948
0.78909
0.78894
0.78908
0.78905
0.78938
0.78928
0.78908
0.78964
0.78878
0.78949
0.78967
0.78921
0.78890
0.78928
0.78880
0.78934
0.78954
0.78933
0.78867
0.78939
0.78974
0.78914
0.78927
0.78923
0.78926
0.78896
0.78926
0.78926
0.78927
0.78935
0.79006
0.78931
0.78929
0.78918
0.78950
0.78935
0.78907
0.78892
0.78911
0.78881
0.78914
0.78920
0.78938
0.78922
0.78914
0.78963
0.78905
0.78916
0.78932
0.78898
0.78923
0.78927
0.78939
0.78944
0.78934
0.78905
0.78967
0.78900
0.78942
0.78889
0.78926
0.78953
0.78910
0.78894
0.78915
0.78905
0.78895
0.78924
0.78972
0.78898
0.78897
0.78911
0.78840
0.78962
0.78899
0.78858
0.78877
0.78924
0.78942
0.78937
0.78932
0.78889
0.78895
0.78843
0.78924
0.78921
0.78938
0.78898
0.78911
0.78936
0.78940
0.78966
0.78859
0.78913
0.78899
0.78935
0.78921
0.78875
0.78889
0.78954
0.78881
0.78866
0.78841
0.78919
0.78887
0.78919
0.78898
0.78915
0.78954
0.78915
0.78924
0.78893
0.78912
0.78899
0.78917
0.78910
0.78917
0.78939
0.78905
0.78907
0.78897
0.78899
0.78925
0.78947
0.78908
0.78955
0.78960
0.78935
0.78919
0.78914
0.78894
0.78858
0.78957
0.78918
0.78944
0.78903
0.78865
0.78977
0.78916
0.78900
0.78911
0.78884
0.78883
0.78906
0.78969
0.78932
0.78947
0.78943
0.78899
0.78941
0.78961
0.78888
0.78917
0.78874
0.78890
0.78894
0.78898
0.78866
0.78915
0.78858
0.78911
0.78938
0.78827
0.78919
0.78894
0.78971
0.78859
0.78912
0.78937
0.78849
0.78872
0.78887
0.78913
0.78873
0.78874
0.78873
0.78869
0.78945
0.78885
0.78883
0.78903
0.78865
0.78885
0.78870
0.78916
0.78921
0.78852
0.78913
0.78954
0.78874
0.78956
0.78930
0.78863
0.78902
0.78891
0.78900
0.78857
0.78899
0.78827
0.78914
0.78887
0.78901
0.78913
0.78845
0.78851
0.78833
0.78896
0.78874
0.78910
0.78898
0.78903
0.78892
0.78890
0.78933
0.78874
0.78869
0.78863
0.78847
0.78928
0.78919
0.78901
0.78903
0.78889
0.78834
0.78897
0.78861
0.78861
0.78920
0.78866
0.78864
0.78862
0.78924
0.78893
0.78853
0.78834
0.78891
0.78921
0.78846
0.78908
0.78835
0.78861
0.78899
0.78867
0.78929
0.78860
0.78924
0.78916
0.78878
0.78881
0.78892
0.78866
0.78868
0.78852
0.78888
0.78833
0.78879
0.78878
0.78869
0.78920
0.78900
0.78860
0.78905
0.78859
0.78819
0.78866
0.78889
0.78867
0.78887
0.78916
0.78898
0.78835
0.78886
0.78881
0.78914
0.78836
0.78847
0.78844
0.78884
0.78867
0.78843
0.78847
0.78850
0.78870
0.78908
0.78855
0.78836
0.78866
0.78861
0.78880
0.78873
0.78849
0.78879
0.78877
0.78913
0.78879
0.78845
0.78887
0.78840
0.78889
0.78901
0.78866
0.78863
0.78896
0.78875
0.78867
0.78868
0.78849
0.78907
0.78859
0.78865
0.78886
0.78901
0.78868
0.78873
0.78829
0.78912
0.78885
0.78870
0.78892
0.78895
0.78873
0.78866
0.78888
0.78850
0.78863
0.78911
0.78883
0.78879
0.78880
0.78876
0.78848
0.78876
0.78883
0.78854
0.78830
0.78927
0.78889
0.78840
0.78922
0.78853
0.78877
0.78907
0.78921
0.78848
0.78921
0.78835
0.78843
0.78867
0.78840
0.78903
0.78859
0.78886
0.78893
0.78852
0.78891
0.78913
0.78842
0.78831
0.78794
0.78824
0.78837
0.78856
0.78888
0.78890
0.78903
0.78872
0.78895
0.78846
0.78875
0.78860
0.78842
0.78871
0.78854
0.78890
0.78865
0.78844
0.78868
0.78859
0.78855
0.78889
0.78893
0.78873
0.78860
0.78916
0.78877
0.78903
0.78849
0.78882
0.78863
0.78882
0.78863
0.78889
0.78847
0.78949
0.78869
0.78842
0.78831
0.78859
0.78890
0.78840
0.78818
0.78944
0.78853
0.78816
0.78818
0.78890
0.78912
0.78893
0.78881
0.78826
0.78839
0.78822
0.78882
0.78832
0.78883
0.78866
0.78814
0.78902
0.78839
0.78897
0.78822
0.78910
0.78848
0.78823
0.78829
0.78825
0.78854
0.78876
0.78864
0.78873
0.78875
0.78884
0.78842
0.78864
0.78818
0.78903
0.78809
0.78862
0.78846
0.78879
0.78864
0.78862
0.78880
0.78888
0.78868
0.78866
0.78867
0.78843
0.78857
0.78942
0.78896
0.78913
0.78854
0.78896
0.78849
0.78912
0.78832
0.78896
0.78903
0.78819
0.78864
0.78843
0.78878
0.78882
0.78860
0.78859
0.78842
0.78855
0.78860
0.78893
0.78811
0.78846
0.78856
0.78875
0.78863
0.78862
0.78828
0.78920
0.78833
0.78859
0.78836
0.78813
0.78885
0.78912
0.78839
0.78837
0.78862
0.78888
0.78832
0.78887
0.78912
0.78828
0.78880
0.78876
0.78879
0.78855
0.78909
0.78904
0.78827
0.78883
0.78882
0.78876
0.78873
0.78833
0.78850
0.78833
0.78864
0.78892
0.78822
0.78867
0.78846
0.78833
0.78856
0.78878
0.78877
0.78834
0.78849
0.78931
0.78881
0.78884
0.78887
0.78893
0.78906
