0.0056133275
0.0055103307
0.0053367620
0.0052700047
0.0057773595
0.0055313115
0.0055179601
0.0052127843
0.0055961614
0.0053749089
0.0055236821
0.0055599217
0.0053863530
0.0053386693
0.0055561070
0.0054721837
0.0055980687
0.0053749089
0.0054664617
0.0055828099
0.0052490239
0.0054054265
0.0057430277
0.0055198674
0.0058116922
0.0055656438
0.0054225926
0.0054683690
0.0051002507
0.0054702764
0.0056037908
0.0054302220
0.0054397588
0.0054912572
0.0054321294
0.0054473882
0.0055046086
0.0055313115
0.0055103307
0.0055217748
0.0054645543
0.0055694585
0.0053997045
0.0055599217
0.0053958898
0.0055065160
0.0052089696
0.0052795415
0.0055065160
0.0056419377
0.0054473882
0.0054779058
0.0054492955
0.0056514745
0.0055866246
0.0052452092
0.0056285863
0.0052700047
0.0053749089
0.0053958898
0.0054969792
0.0053157811
0.0055904393
0.0054321294
0.0053138738
0.0055160527
0.0053176885
0.0053043370
0.0054168706
0.0053710942
0.0053100591
0.0052661901
0.0054435735
0.0052261357
0.0056076055
0.0052700047
0.0054893498
0.0053768163
0.0056114202
0.0053596501
0.0055236821
0.0054550176
0.0052890782
0.0054988866
0.0052108769
0.0054130559
0.0056152349
0.0052547460
0.0056209569
0.0057106023
0.0053100591
0.0054435735
0.0054721837
0.0053901677
0.0055465703
0.0054607396
0.0053653722
0.0056114202
0.0053462987
0.0052013402
0.0054092412
0.0052146916
0.0055599217
0.0056495671
0.0053024297
0.0055351262
0.0054874425
0.0056533818
0.0052948003
0.0054626470
0.0052852635
0.0054531102
0.0056457524
0.0052146916
0.0054016118
0.0054664617
0.0054531102
0.0053958898
0.0054874425
0.0053062444
0.0053291326
0.0054645543
0.0054454808
0.0052356725
0.0055923467
0.0053272252
0.0052413945
0.0053691869
0.0054473882
0.0056343083
0.0054531102
0.0055007939
0.0057277689
0.0055847173
0.0054359441
0.0052032475
0.0053234105
0.0056457524
0.0055789952
0.0054759984
0.0053539281
0.0052928929
0.0052528386
0.0053024297
0.0053691869
0.0055027013
0.0053749089
0.0053596501
0.0053768163
0.0055046086
0.0057678232
0.0054473882
0.0053710942
0.0053195958
0.0053653722
0.0054855351
0.0055198674
0.0056247716
0.0054645543
0.0054912572
0.0053596501
0.0054416661
0.0054187779
0.0055732732
0.0053558354
0.0053768163
0.0055599217
0.0055618291
0.0057716379
0.0055713658
0.0054206853
0.0057659159
0.0055007939
0.0051631932
0.0054683690
0.0054378514
0.0055751805
0.0055274968
0.0053710942
0.0054779058
0.0055561070
0.0055885320
0.0055046086
0.0058307657
0.0055503850
0.0057754521
0.0054225926
0.0055599217
0.0054359441
0.0052433019
0.0052661901
0.0055561070
0.0054721837
0.0055236821
0.0053672795
0.0055160527
0.0054378514
0.0054683690
0.0054969792
0.0054969792
0.0054740911
0.0052814488
0.0055789952
0.0054206853
0.0053749089
0.0055255895
0.0053234105
0.0052356725
0.0053672795
0.0055675511
0.0053024297
0.0053119664
0.0054111485
0.0053958898
0.0054702764
0.0052127843
0.0054454808
0.0054340367
0.0053958898
0.0054473882
0.0052375798
0.0054435735
0.0053806310
0.0055866246
0.0054969792
0.0054531102
0.0055408483
0.0052814488
0.0053367620
0.0054397588
0.0053062444
0.0053443913
0.0053119664
0.0052738194
0.0053443913
0.0053939824
0.0054950719
0.0053939824
0.0055599217
0.0055809026
0.0055541997
0.0054645543
0.0056076055
0.0053215032
0.0052852635
0.0056114202
0.0054855351
0.0055961614
0.0055313115
0.0055637364
0.0053138738
0.0056209569
0.0054016118
0.0056591039
0.0053806310
0.0056877141
0.0055427556
0.0056381230
0.0056476598
0.0053272252
0.0053482060
0.0055809026
0.0055103307
0.0056762700
0.0053615575
0.0054473882
0.0056762700
0.0054016118
0.0054416661
0.0053730016
0.0054359441
0.0054378514
0.0054092412
0.0057163243
0.0054416661
0.0054931645
0.0056877141
0.0054664617
0.0056381230
0.0055046086
0.0056610112
0.0053844457
0.0054397588
0.0053863530
0.0054855351
0.0053672795
0.0054855351
0.0055236821
0.0053520207
0.0051670079
0.0055675511
0.0054416661
0.0055923467
0.0054454808
0.0052165990
0.0053634648
0.0055961614
0.0055828099
0.0055408483
0.0052375798
0.0055847173
0.0056743627
0.0054473882
0.0052127843
0.0053691869
0.0052051549
0.0054416661
0.0053176885
0.0055027013
0.0053997045
0.0053691869
0.0053539281
0.0054855351
0.0055122380
0.0055465703
0.0056781774
0.0054054265
0.0052928929
0.0055046086
0.0057811747
0.0056667333
0.0051670079
0.0053424840
0.0056514745
0.0053958898
0.0056018834
0.0055770879
0.0054054265
0.0053482060
0.0054855351
0.0055351262
0.0056324010
0.0049858098
0.0055274968
0.0053176885
0.0056571965
0.0053730016
0.0053806310
0.0055484776
0.0053672795
0.0054111485
0.0056743627
0.0054016118
0.0057697301
0.0055160527
0.0055217748
0.0054473882
0.0053634648
0.0055580144
0.0054931645
0.0054054265
0.0055027013
0.0056247716
0.0053634648
0.0056934361
0.0056266789
0.0057201390
0.0054836278
0.0055065160
0.0053539281
0.0054702764
0.0054893498
0.0054225926
0.0057144170
0.0054664617
0.0055446630
0.0055446630
0.0053844457
0.0053462987
0.0056743627
0.0055980687
0.0054969792
0.0054931645
0.0052318578
0.0056438451
0.0056076055
0.0053329473
0.0054130559
0.0053958898
0.0051517491
0.0053958898
0.0053367620
0.0057106023
0.0053997045
0.0056209569
0.0055828099
0.0056018834
0.0055732732
0.0057258611
0.0053787236
0.0055580144
0.0055751805
0.0054397588
0.0054855351
0.0056686406
0.0054874425
0.0052719121
0.0055065160
0.0054016118
0.0054531102
0.0054798131
0.0054645543
0.0053367620
0.0055637364
0.0054340367
0.0054473882
0.0053462987
0.0054168706
0.0054416661
0.0053825383
0.0057506566
0.0054664617
0.0053329473
0.0053844457
0.0055427556
0.0057201390
0.0053844457
0.0052719121
0.0052776341
0.0055484776
0.0054988866
0.0052223210
0.0054092412
0.0055294042
0.0055141454
0.0051975255
0.0056095128
0.0056743627
0.0052452092
0.0051040654
0.0053806310
0.0055732732
0.0055160527
0.0055122380
0.0054340367
0.0054550176
0.0054931645
0.0055198674
0.0053920751
0.0053825383
0.0053882604
0.0051612859
0.0054302220
0.0053443913
0.0057010655
0.0055313115
0.0053405766
0.0054626470
0.0055999761
0.0054454808
0.0055255895
0.0052986150
0.0054454808
0.0053558354
0.0054016118
0.0054740911
0.0056438451
0.0053768163
0.0057773595
0.0053710942
0.0054378514
0.0053749089
0.0055274968
0.0053062444
0.0055255895
0.0053749089
0.0054187779
0.0053730016
0.0053653722
0.0056533818
0.0052776341
0.0053253179
0.0054512029
0.0052738194
0.0055942540
0.0054550176
0.0053920751
0.0053386693
0.0052909856
0.0053024297
0.0055351262
0.0053787236
0.0055751805
0.0055160527
0.0054321294
0.0057525640
0.0056419377
0.0054454808
0.0059032445
0.0054187779
0.0053844457
0.0054893498
0.0053176885
0.0056247716
0.0053291326
0.0053977971
0.0053977971
0.0056686406
0.0053672795
0.0050964360
0.0055732732
0.0056037908
0.0053539281
0.0055274968
0.0053615575
0.0050506597
0.0052890782
0.0052700047
0.0054149632
0.0055427556
0.0054759984
0.0055465703
0.0053119664
0.0053520207
0.0056800847
0.0055503850
0.0055408483
0.0053939824
0.0057086949
0.0052623754
0.0055027013
0.0054588323
0.0054073339
0.0056667333
0.0052852635
0.0055580144
0.0054302220
0.0053863530
0.0054912572
0.0053806310
0.0056552892
0.0053749089
0.0055675511
0.0053405766
0.0054149632
0.0052967076
0.0053138738
0.0054645543
0.0053253179
0.0055942540
0.0054359441
0.0052986150
0.0054111485
0.0054340367
0.0054721837
0.0052413945
0.0053901677
0.0054111485
0.0054130559
0.0055656438
0.0056705480
0.0055236821
0.0056247716
0.0054054265
0.0054683690
0.0055179601
0.0052299504
0.0054340367
0.0053253179
0.0054359441
0.0053462987
0.0053672795
0.0051994328
0.0052146916
0.0052509313
0.0052185063
0.0054283147
0.0055446630
0.0053195958
0.0052433019
0.0055465703
0.0055770879
0.0053844457
0.0056190495
0.0055541997
0.0057182317
0.0052108769
0.0056838994
0.0054912572
0.0055084233
0.0053043370
0.0055255895
0.0053577428
0.0054378514
0.0054645543
0.0055370336
0.0054092412
0.0054187779
0.0056228642
0.0055084233
0.0052776341
0.0052204137
0.0056209569
0.0056591039
0.0053730016
0.0056247716
0.0057964330
0.0052566533
0.0056781774
0.0054073339
0.0053081517
0.0054664617
0.0054988866
0.0052948003
0.0054779058
0.0053329473
0.0055961614
0.0053558354
0.0055770879
0.0054759984
0.0053291326
0.0057067876
0.0055637364
0.0055904393
0.0053749089
0.0054550176
0.0053424840
0.0054359441
0.0051498418
0.0055332189
0.0054702764
0.0053577428
0.0055389409
0.0053176885
0.0053558354
0.0053482060
0.0054817204
0.0056686406
0.0055007939
0.0054016118
0.0055656438
0.0053787236
0.0056037908
0.0057353983
0.0054149632
0.0054073339
0.0056571965
0.0054626470
0.0053577428
0.0054225926
0.0055637364
0.0054187779
0.0053424840
0.0053329473
0.0053825383
0.0054855351
0.0055198674
0.0054893498
0.0056076055
0.0052013402
0.0052032475
0.0052967076
0.0054206853
0.0054550176
0.0055332189
0.0053424840
0.0055675511
0.0053730016
0.0053825383
0.0055046086
0.0054798131
0.0054988866
0.0055732732
0.0054950719
0.0055694585
0.0056438451
0.0053462987
0.0055980687
0.0053710942
0.0051937108
0.0052433019
0.0053749089
0.0052280431
0.0055580144
0.0053443913
0.0055599217
0.0054321294
0.0054645543
0.0053806310
0.0053634648
0.0054416661
0.0054588323
0.0053081517
0.0053024297
0.0054798131
0.0052261357
0.0054111485
0.0056743627
0.0054454808
0.0055141454
0.0054740911
0.0054168706
0.0057983408
0.0055656438
0.0057601938
0.0054626470
0.0054817204
0.0053482060
0.0054836278
0.0053577428
0.0053157811
0.0054283147
0.0054988866
0.0055160527
0.0053710942
0.0053386693
0.0054721837
0.0053939824
0.0054969792
0.0056324010
0.0054264073
0.0055923467
0.0054016118
0.0054454808
0.0054111485
0.0055122380
0.0054588323
0.0056724553
0.0054912572
0.0054321294
0.0053348546
0.0055255895
0.0053234105
0.0055923467
0.0052146916
0.0054321294
0.0054473882
0.0053367620
0.0056190495
0.0054435735
0.0053901677
0.0051994328
0.0054264073
0.0055408483
0.0055923467
0.0055446630
0.0056838994
0.0051250463
0.0055847173
0.0053997045
0.0051765447
0.0056362157
0.0053901677
0.0056266789
0.0055427556
0.0055027013
0.0055751805
0.0052890782
0.0053100591
0.0056552892
0.0055465703
0.0056190495
0.0053844457
0.0055179601
0.0055046086
0.0054836278
0.0053939824
0.0054149632
0.0053462987
0.0054588323
0.0052814488
0.0054245000
0.0053272252
0.0055084233
0.0057315831
0.0053291326
0.0054397588
0.0054721837
0.0054397588
0.0055885320
0.0053825383
0.0055656438
0.0054721837
0.0052204137
0.0053329473
0.0055961614
0.0055065160
0.0055389409
0.0051898961
0.0053291326
0.0052776341
0.0057258611
0.0054321294
0.0055656438
0.0055961614
0.0054569249
0.0055751805
0.0056171422
0.0054359441
0.0054988866
0.0055179601
0.0055751805
0.0054569249
0.0054016118
0.0054149632
0.0053195958
0.0056056981
0.0056266789
0.0053539281
0.0055522923
0.0054073339
0.0053195958
0.0055522923
0.0054702764
0.0055618291
0.0053615575
0.0052509313
0.0056934361
0.0056343083
0.0055084233
0.0055980687
0.0058040628
0.0053997045
0.0053215032
0.0055541997
0.0056743627
0.0054168706
0.0053920751
0.0054454808
0.0053386693
0.0053424840
0.0055942540
0.0053348546
0.0056571965
0.0053424840
0.0055007939
0.0057220469
0.0054969792
0.0055408483
0.0055103307
0.0056476598
0.0052356725
0.0052986150
0.0054168706
0.0054855351
0.0054397588
0.0054264073
0.0055580144
0.0054588323
0.0056190495
0.0052146916
0.0056324010
0.0053443913
0.0056114202
0.0054740911
0.0053787236
0.0055370336
0.0054798131
0.0055751805
0.0056324010
0.0056095128
0.0055198674
0.0053634648
0.0056686406
0.0054817204
0.0056381230
0.0053653722
0.0055408483
0.0054874425
0.0053863530
0.0054836278
0.0053100591
0.0054512029
0.0054931645
0.0053215032
0.0054283147
0.0054035192
0.0055332189
0.0054588323
0.0054645543
0.0052928929
0.0055198674
0.0054683690
0.0053825383
0.0056133275
0.0055217748
0.0055503850
0.0055942540
0.0057125096
0.0053424840
0.0055198674
0.0054702764
0.0052566533
0.0055046086
0.0056018834
0.0050926213
0.0054321294
0.0055656438
0.0055503850
0.0053997045
0.0055503850
0.0056896214
0.0052909856
0.0055713658
0.0054798131
0.0053558354
0.0055007939
0.0052680974
0.0052604680
0.0056190495
0.0053825383
0.0051746373
0.0056037908
0.0058059702
0.0054988866
0.0054550176
0.0054473882
0.0052871709
0.0054416661
0.0051765447
0.0056324010
0.0054740911
0.0053520207
0.0055637364
0.0054302220
0.0053768163
0.0054607396
0.0052928929
0.0054912572
0.0054798131
0.0054492955
0.0054569249
0.0052242284
0.0057315831
0.0052700047
0.0055885320
0.0055274968
0.0053386693
0.0054874425
0.0054645543
0.0054607396
0.0055217748
0.0053005223
0.0055713658
0.0052146916
0.0054855351
0.0055007939
0.0054626470
0.0056018834
0.0053176885
0.0051727300
0.0056018834
0.0055656438
0.0055122380
0.0053958898
0.0055561070
0.0056533818
0.0053977971
0.0052928929
0.0054206853
0.0053386693
0.0055084233
0.0053596501
0.0055370336
0.0055828099
0.0054302220
0.0054168706
0.0054206853
0.0054473882
0.0052242284
0.0055541997
0.0055694585
0.0052986150
0.0054855351
0.0055160527
0.0053234105
0.0055236821
0.0054359441
0.0053863530
0.0056457524
0.0056114202
0.0055942540
0.0052719121
0.0056266789
0.0055580144
0.0054721837
0.0051422124
0.0053462987
0.0053100591
0.0053672795
0.0053195958
0.0053920751
0.0054626470
0.0054225926
0.0051841741
0.0054454808
0.0055084233
0.0055046086
0.0053119664
0.0055274968
0.0056571965
0.0054550176
0.0055065160
0.0054245000
0.0052032475
0.0052986150
0.0054359441
0.0054893498
0.0055160527
0.0051422124
