3.22378
3.22375
3.22380
3.22378
3.22380
3.22377
3.22381
3.22379
3.22381
3.22379
3.22377
3.22378
3.22376
3.22378
3.22383
3.22381
3.22376
3.22376
3.22379
3.22381
3.22372
3.22378
3.22376
3.22377
3.22378
3.22376
3.22377
3.22381
3.22381
3.22383
3.22379
3.22374
3.22378
3.22377
3.22378
3.22377
3.22378
3.22379
3.22378
3.22376
3.22375
3.22377
3.22381
3.22377
3.22378
3.22379
3.22377
3.22375
3.22381
3.22377
3.22375
3.22379
3.22381
3.22379
3.22374
3.22377
3.22379
3.22381
3.22381
3.22381
3.22375
3.22377
3.22383
3.22379
3.22381
3.22376
3.22381
3.22379
3.22378
3.22375
3.22380
3.22378
3.22381
3.22378
3.22378
3.22381
3.22375
3.22378
3.22377
3.22377
3.22378
3.22381
3.22380
3.22375
3.22376
3.22377
3.22374
3.22377
3.22380
3.22374
3.22376
3.22381
3.22376
3.22379
3.22382
3.22373
3.22377
3.22377
3.22378
3.22380
3.22379
3.22376
3.22376
3.22379
3.22376
3.22375
3.22376
3.22378
3.22377
3.22373
3.22376
3.22379
3.22379
3.22374
3.22380
3.22378
3.22376
3.22377
3.22377
3.22378
3.22380
3.22375
3.22377
3.22373
3.22378
3.22373
3.22374
3.22376
3.22378
3.22380
3.22376
3.22378
3.22381
3.22376
3.22377
3.22380
3.22377
3.22376
3.22379
3.22376
3.22377
3.22383
3.22378
3.22377
3.22373
3.22375
3.22376
3.22378
3.22378
3.22376
3.22376
3.22375
3.22379
3.22375
3.22375
3.22380
3.22380
3.22377
3.22376
3.22377
3.22379
3.22378
3.22378
3.22376
3.22379
3.22379
3.22374
3.22375
3.22375
3.22375
3.22379
3.22378
3.22381
3.22378
3.22375
3.22376
3.22371
3.22378
3.22378
3.22378
3.22376
3.22376
3.22379
3.22379
3.22374
3.22382
3.22382
3.22371
3.22379
3.22375
3.22376
3.22378
3.22375
3.22378
3.22373
3.22374
3.22374
3.22375
3.22378
3.22372
3.22376
3.22379
3.22378
3.22379
3.22374
3.22377
3.22380
3.22375
3.22373
3.22380
3.22378
3.22380
3.22378
3.22376
3.22375
3.22374
3.22379
3.22378
3.22375
3.22374
3.22372
3.22376
3.22374
3.22372
3.22376
3.22378
3.22377
3.22375
3.22372
3.22369
3.22376
3.22376
3.22381
3.22376
3.22377
3.22372
3.22376
3.22376
3.22376
3.22373
3.22382
3.22386
3.22381
3.22381
3.22381
3.22374
3.22376
3.22377
3.22371
3.22378
3.22371
3.22376
3.22374
3.22381
3.22371
3.22373
3.22375
3.22374
3.22372
3.22374
3.22379
3.22374
3.22374
3.22375
3.22374
3.22377
3.22374
3.22377
3.22377
3.22376
3.22375
3.22375
3.22378
3.22374
3.22378
3.22377
3.22373
3.22377
3.22377
3.22371
3.22373
3.22377
3.22376
3.22372
3.22374
3.22374
3.22377
3.22377
3.22376
3.22374
3.22380
3.22373
3.22376
3.22378
3.22375
3.22378
3.22376
3.22372
3.22375
3.22375
3.22372
3.22372
3.22376
3.22376
3.22377
3.22375
3.22372
3.22376
3.22375
3.22377
3.22375
3.22376
3.22372
3.22375
3.22374
3.22375
3.22372
3.22376
3.22378
3.22377
3.22373
3.22377
3.22376
3.22377
3.22373
3.22377
3.22375
3.22375
3.22376
3.22370
3.22376
3.22376
3.22379
3.22378
3.22375
3.22376
3.22376
3.22378
3.22374
3.22374
3.22373
3.22376
3.22369
3.22373
3.22377
3.22372
3.22374
3.22374
3.22376
3.22376
3.22374
3.22371
3.22373
3.22375
3.22375
3.22376
3.22371
3.22377
3.22376
3.22374
3.22371
3.22373
3.22377
3.22375
3.22373
3.22375
3.22373
3.22375
3.22375
3.22378
3.22375
3.22372
3.22369
3.22373
3.22373
3.22374
3.22376
3.22376
3.22371
3.22376
3.22378
3.22377
3.22377
3.22371
3.22373
3.22373
3.22374
3.22374
3.22376
3.22376
3.22372
3.22374
3.22377
3.22371
3.22372
3.22371
3.22373
3.22371
3.22376
3.22374
3.22372
3.22376
3.22377
3.22371
3.22383
3.22372
3.22378
3.22376
3.22374
3.22375
3.22375
3.22370
3.22370
3.22378
3.22373
3.22375
3.22377
3.22372
3.22381
3.22373
3.22372
3.22373
3.22376
3.22378
3.22377
3.22376
3.22372
3.22375
3.22370
3.22375
3.22374
3.22375
3.22370
3.22374
3.22374
3.22376
3.22374
3.22375
3.22376
3.22376
3.22375
3.22374
3.22375
3.22373
3.22375
3.22376
3.22377
3.22372
3.22376
3.22374
3.22379
3.22376
3.22377
3.22374
3.22372
3.22374
3.22374
3.22372
3.22374
3.22374
3.22376
3.22378
3.22372
3.22372
3.22377
3.22376
3.22374
3.22377
3.22375
3.22373
3.22376
3.22372
3.22375
3.22370
3.22375
3.22374
3.22373
3.22372
3.22376
3.22374
3.22374
3.22376
3.22375
3.22378
3.22376
3.22371
3.22369
3.22375
3.22373
3.22376
3.22376
3.22372
3.22374
3.22372
3.22372
3.22375
3.22375
3.22377
3.22374
3.22377
3.22372
3.22375
3.22373
3.22375
3.22375
3.22369
3.22371
3.22373
3.22377
3.22375
3.22373
3.22376
3.22374
3.22375
3.22374
3.22375
3.22373
3.22373
3.22372
3.22372
3.22373
3.22370
3.22373
3.22378
3.22372
3.22377
3.22375
3.22375
3.22375
3.22372
3.22375
3.22371
3.22375
3.22377
3.22373
3.22370
3.22377
3.22373
3.22374
3.22374
3.22371
3.22377
3.22374
3.22371
3.22375
3.22376
3.22370
3.22373
3.22374
3.22370
3.22369
3.22375
3.22376
3.22375
3.22375
3.22375
3.22371
3.22374
3.22370
3.22379
3.22372
3.22374
3.22371
3.22373
3.22372
3.22373
3.22371
3.22373
3.22374
3.22377
3.22373
3.22374
3.22373
3.22373
3.22376
3.22375
3.22369
3.22373
3.22373
3.22375
3.22371
3.22378
3.22371
3.22374
3.22379
3.22373
3.22373
3.22372
3.22375
3.22373
3.22373
3.22375
3.22371
3.22376
3.22372
3.22375
3.22374
3.22373
3.22373
3.22377
3.22375
3.22376
3.22379
3.22377
3.22375
3.22377
3.22377
3.22375
3.22375
3.22371
3.22373
3.22371
3.22371
3.22367
3.22371
3.22375
3.22369
3.22369
3.22378
3.22372
3.22372
3.22373
3.22373
3.22372
3.22371
3.22375
3.22372
3.22374
3.22375
3.22373
3.22370
3.22372
3.22368
3.22369
3.22370
3.22371
3.22373
3.22373
3.22375
3.22377
3.22371
3.22370
3.22372
3.22371
3.22370
3.22372
3.22371
3.22375
3.22370
3.22373
3.22377
3.22372
3.22372
3.22378
3.22376
3.22375
3.22373
3.22372
3.22372
3.22371
3.22371
3.22375
3.22372
3.22375
3.22373
3.22371
3.22374
3.22375
3.22373
3.22374
3.22375
3.22375
3.22371
3.22373
3.22372
3.22372
3.22372
3.22372
3.22375
3.22373
3.22377
3.22376
3.22374
3.22370
3.22373
3.22373
3.22374
3.22376
3.22374
3.22373
3.22373
3.22375
3.22375
3.22373
3.22372
3.22374
3.22376
3.22374
3.22375
3.22374
3.22373
3.22373
3.22373
3.22371
3.22375
3.22375
3.22373
3.22372
3.22370
3.22375
3.22375
3.22371
3.22374
3.22369
3.22376
3.22373
3.22376
3.22370
3.22373
3.22374
3.22372
3.22372
3.22376
3.22375
3.22372
3.22371
3.22373
3.22372
3.22368
3.22372
3.22369
3.22373
3.22374
3.22370
3.22372
3.22372
3.22375
3.22373
3.22374
3.22370
3.22374
3.22374
3.22375
3.22371
3.22375
3.22370
3.22371
3.22373
3.22374
3.22373
3.22372
3.22373
3.22372
3.22373
3.22372
3.22371
3.22373
3.22374
3.22372
3.22374
3.22371
3.22370
3.22370
3.22371
3.22373
3.22369
3.22371
3.22372
3.22373
3.22373
3.22371
3.22374
3.22373
3.22370
3.22372
3.22374
3.22370
3.22373
3.22373
3.22372
3.22372
3.22372
3.22370
3.22371
3.22373
3.22372
3.22372
3.22381
3.22374
3.22371
3.22370
3.22373
3.22371
3.22375
3.22371
3.22371
3.22377
3.22371
3.22368
3.22368
3.22369
3.22371
3.22374
3.22371
3.22369
3.22373
3.22373
3.22371
3.22373
3.22375
3.22373
3.22371
3.22372
3.22372
3.22367
3.22367
3.22372
3.22369
3.22368
3.22371
3.22370
3.22372
3.22369
3.22373
3.22371
3.22377
3.22371
3.22372
3.22372
3.22373
3.22372
3.22375
3.22374
3.22368
3.22371
3.22371
3.22371
3.22370
3.22374
3.22370
3.22367
3.22369
3.22371
3.22372
3.22372
3.22373
3.22375
3.22369
3.22373
3.22369
3.22371
3.22369
3.22373
3.22373
3.22372
3.22369
3.22366
3.22371
3.22366
3.22365
3.22374
3.22370
3.22371
3.22372
3.22373
3.22374
3.22370
3.22371
3.22367
3.22371
3.22372
3.22372
3.22373
3.22369
3.22371
3.22368
3.22370
3.22373
3.22370
3.22370
3.22369
3.22366
3.22367
3.22371
3.22369
3.22369
3.22371
3.22373
3.22367
3.22370
3.22370
3.22374
3.22368
3.22373
3.22372
3.22369
3.22373
3.22367
3.22366
3.22371
3.22375
3.22374
3.22373
3.22372
3.22371
3.22371
3.22371
3.22371
3.22373
3.22367
3.22368
3.22370
3.22369
3.22375
3.22373
3.22372
3.22375
3.22374
3.22370
3.22373
3.22371
3.22374
3.22374
3.22375
3.22375
3.22372
3.22378
3.22375
3.22374
3.22373
3.22369
3.22373
3.22369
3.22371
3.22372
3.22372
3.22372
3.22377
3.22370
3.22372
3.22369
3.22370
3.22369
3.22369
3.22369
3.22368
3.22370
3.22369
3.22364
3.22366
3.22374
3.22369
3.22374
3.22369
3.22365
3.22363
3.22370
3.22372
3.22378
3.22374
3.22371
3.22370
3.22371
3.22370
3.22370
3.22370
3.22371
3.22375
3.22373
3.22372
3.22371
3.22373
3.22371
3.22367
3.22371
3.22372
3.22369
3.22371
3.22368
3.22369
3.22368
3.22370
3.22371
3.22370
3.22370
3.22370
3.22370
3.22364
3.22368
3.22371
3.22366
3.22373
3.22368
3.22367
3.22367
3.22367
3.22367
3.22365
3.22369
3.22371
