3.18741
3.18781
3.18784
3.18686
3.18828
3.18719
3.18627
3.18513
3.18676
3.18711
3.18731
3.18532
3.18660
3.18509
3.18794
3.18889
3.18678
3.18599
3.18764
3.18779
3.18622
3.18747
3.18675
3.18697
3.18552
3.18712
3.18762
3.18711
3.18737
3.18722
3.18618
3.18611
3.18645
3.18694
3.18781
3.18657
3.18769
3.18615
3.18791
3.18478
3.18744
3.18556
3.18695
3.18569
3.18868
3.18600
3.18703
3.18731
3.18731
3.18793
3.18758
3.18820
3.18603
3.18559
3.18677
3.18574
3.18686
3.18536
3.18683
3.18776
3.18734
3.18650
3.18746
3.18805
3.18658
3.18505
3.18751
3.18794
3.18532
3.18748
3.18642
3.18650
3.18933
3.18703
3.18709
3.18638
3.18672
3.18716
3.18705
3.18704
3.18739
3.18756
3.18829
3.18695
3.18596
3.18756
3.18682
3.18722
3.18671
3.18600
3.18606
3.18661
3.18680
3.18730
3.18741
3.18721
3.18673
3.18533
3.18545
3.18615
3.18719
3.18547
3.18599
3.18689
3.18575
3.18709
3.18581
3.18664
3.18733
3.18615
3.18908
3.18827
3.18526
3.18722
3.18664
3.18577
3.18733
3.18680
3.18769
3.18703
3.18626
3.18808
3.18891
3.18676
3.18582
3.18638
3.18501
3.18830
3.18784
3.18569
3.18745
3.18833
3.18516
3.18606
3.18623
3.18736
3.18403
3.18702
3.18693
3.18778
3.18617
3.18873
3.18602
3.18713
3.18798
3.18679
3.18581
3.18794
3.18641
3.18791
3.18610
3.18583
3.18569
3.18629
3.18572
3.18536
3.18614
3.18773
3.18634
3.18616
3.18828
3.18548
3.18608
3.18632
3.18738
3.18591
3.18687
3.18835
3.18729
3.18699
3.18843
3.18823
3.18637
3.18539
3.18841
3.18649
3.18573
3.18759
3.18684
3.18644
3.18656
3.18770
3.18652
3.18747
3.18730
3.18799
3.18797
3.18549
3.18599
3.18632
3.18583
3.18740
3.18563
3.18827
3.18596
3.18638
3.18888
3.18585
3.18749
3.18727
3.18514
3.18870
3.18776
3.18581
3.18654
3.18759
3.18667
3.18764
3.18694
3.18736
3.18670
3.18548
3.18737
3.18712
3.18561
3.18663
3.18772
3.18836
3.18774
3.18770
3.18673
3.18698
3.18757
3.18891
3.18700
3.18637
3.18540
3.18669
3.18669
3.18468
3.18760
3.18860
3.18600
3.18711
3.18528
3.18668
3.18547
3.18876
3.18837
3.18686
3.18691
3.18588
3.18646
3.18764
3.18832
3.18542
3.18720
3.18680
3.18642
3.18697
3.18762
3.18794
3.18744
3.18688
3.18740
3.18818
3.18697
3.18532
3.18636
3.18585
3.18632
3.18656
3.18501
3.18578
3.18907
3.18752
3.18861
3.18744
3.18679
3.18836
3.18736
3.18831
3.18820
3.18710
3.18871
3.18848
3.18685
3.18652
3.18633
3.18783
3.18756
3.18812
3.18677
3.18697
3.18532
3.18724
3.18606
3.18852
3.18621
3.18682
3.18671
3.18675
3.18906
3.18732
3.18640
3.18788
3.18695
3.18770
3.18696
3.18608
3.18652
3.18708
3.18713
3.18825
3.18613
3.18751
3.18759
3.18815
3.18642
3.18770
3.18790
3.18789
3.18544
3.18758
3.18623
3.18865
3.18552
3.18757
3.18560
3.18696
3.18591
3.18598
3.18695
3.18659
3.18900
3.18771
3.18878
3.18794
3.18772
3.18677
3.18692
3.18646
3.18564
3.18652
3.18747
3.18774
3.18697
3.18747
3.18747
3.18736
3.18796
3.18718
3.18658
3.18756
3.18629
3.18653
3.18705
3.18830
3.18784
3.18707
3.18758
3.18739
3.18722
3.18767
3.18617
3.18682
3.18579
3.18851
3.18687
3.18880
3.18737
3.18667
3.18756
3.18586
3.18778
3.18630
3.18833
3.18745
3.18713
3.18747
3.18795
3.18666
3.18607
3.18822
3.18770
3.18593
3.18598
3.18891
3.18640
3.18615
3.18500
3.18633
3.18634
3.18846
3.18763
3.18763
3.18727
3.18688
3.18618
3.18736
3.18589
3.18594
3.18776
3.18732
3.18743
3.18710
3.18739
3.18785
3.18865
3.18776
3.18791
3.18719
3.18881
3.18794
3.18509
3.18674
3.18758
3.18708
3.18965
3.18585
3.18632
3.18702
3.18622
3.18584
3.18711
3.18666
3.18777
3.18762
3.18722
3.18882
3.18763
3.18604
3.18705
3.18627
3.18661
3.18740
3.18731
3.18758
3.18825
3.18728
3.18714
3.18649
3.18677
3.18588
3.18758
3.18556
3.18730
3.18785
3.18741
3.18724
3.18942
3.18708
3.18672
3.18771
3.18811
3.18770
3.18710
3.18673
3.18686
3.18913
3.18754
3.18711
3.18569
3.18957
3.18780
3.18737
3.18599
3.18775
3.18887
3.18805
3.18799
3.18548
3.18524
3.18538
3.18825
3.18786
3.18738
3.18695
3.18708
3.18699
3.18737
3.18597
3.18717
3.18851
3.18729
3.18810
3.18741
3.18756
3.18758
3.18637
3.18542
3.18845
3.18751
3.18687
3.18603
3.18809
3.18764
3.18591
3.18740
3.18679
3.18787
3.18876
3.18525
3.18858
3.18701
3.18727
3.18823
3.18632
3.18751
3.18706
3.18773
3.18957
3.18847
3.18603
3.18720
3.18872
3.18729
3.18702
3.18738
3.18700
3.18721
3.18633
3.18652
3.18649
3.18803
3.18961
3.18725
3.18534
3.18868
3.18714
3.18723
3.18528
3.18831
3.18707
3.18664
3.18653
3.18658
3.18750
3.18636
3.18659
3.18762
3.18822
3.18691
3.18698
3.18664
3.18890
3.18680
3.18680
3.18700
3.18688
3.18702
3.19070
3.18755
3.18783
3.18820
3.18671
3.18656
3.18736
3.18752
3.18888
3.18728
3.18688
3.18756
3.18858
3.18846
3.18924
3.18830
3.18860
3.18803
3.18767
3.18975
3.18717
3.18555
3.18593
3.18759
3.18764
3.18760
3.18758
3.18744
3.18649
3.18728
3.18681
3.18709
3.18527
3.18811
3.18706
3.18799
3.18665
3.18755
3.18661
3.18561
3.18688
3.18693
3.18884
3.18840
3.18775
3.18807
3.18781
3.18724
3.18762
3.18827
3.18915
3.18636
3.18637
3.18835
3.18724
3.18833
3.18715
3.18777
3.18767
3.18537
3.18759
3.18732
3.18849
3.18774
3.18760
3.18683
3.18734
3.18944
3.18795
3.18653
3.18737
3.18812
3.18785
3.18732
3.18606
3.18875
3.18706
3.18899
3.18805
3.18527
3.18700
3.18779
3.18690
3.18752
3.18634
3.18819
3.18783
3.18748
3.18758
3.18759
3.18869
3.18783
3.18543
3.18583
3.18492
3.18801
3.18826
3.18707
3.18632
3.18612
3.18604
3.18852
3.18728
3.18684
3.18609
3.18579
3.18680
3.18706
3.18598
3.18899
3.18713
3.18684
3.18709
3.18660
3.18554
3.18654
3.18512
3.18638
3.18828
3.18656
3.18766
3.18670
3.18771
3.18644
3.18627
3.18786
3.18790
3.18590
3.18660
3.18810
3.18735
3.18758
3.18820
3.18954
3.18869
3.18725
3.18706
3.18595
3.18735
3.18839
3.18577
3.18739
3.18628
3.18698
3.18743
3.18658
3.18817
3.18847
3.18613
3.18657
3.18717
3.18776
3.18759
3.18743
3.18785
3.18733
3.18711
3.18572
3.18769
3.18774
3.18835
3.18736
3.18857
3.18783
3.18787
3.18738
3.18755
3.18764
3.18763
3.18756
3.18822
3.18632
3.18807
3.18767
3.18833
3.18783
3.18933
3.18891
3.18743
3.18860
3.18746
3.18883
3.18818
3.18750
3.18867
3.18845
3.18739
3.18801
3.18569
3.18818
3.18713
3.18866
3.18595
3.18881
3.18878
3.18728
3.18796
3.18678
3.18504
3.18724
3.18906
3.18748
3.18763
3.18511
3.18702
3.18811
3.18800
3.18740
3.18731
3.18713
3.18698
3.18488
3.18887
3.18728
3.18670
3.18746
3.18644
3.18736
3.18713
3.18624
3.18691
3.18810
3.18783
3.18743
3.18736
3.18699
3.18682
3.18821
3.18760
3.18752
3.18799
3.18648
3.18570
3.18852
3.18871
3.18624
3.18635
3.18657
3.18730
3.18772
3.18687
3.18771
3.18805
3.18727
3.18825
3.18883
3.18661
3.18698
3.18752
3.18668
3.18843
3.18785
3.18720
3.18840
3.18848
3.18802
3.18715
3.18749
3.18680
3.18523
3.18686
3.18723
3.18679
3.18672
3.18752
3.18703
3.18819
3.18735
3.18801
3.18774
3.18703
3.18619
3.18722
3.18603
3.18795
3.18565
3.18720
3.18538
3.18746
3.18743
3.18741
3.18628
3.18875
3.18729
3.18701
3.18733
3.18699
3.18727
3.18657
3.18628
3.18790
3.18803
3.18767
3.18897
3.18531
3.18704
3.18741
3.18669
3.18625
3.18626
3.18743
3.18721
3.18708
3.18648
3.18581
3.18627
3.18795
3.18843
3.18702
3.18706
3.18658
3.18652
3.18759
3.18897
3.18661
3.18615
3.18645
3.18593
3.18820
3.18814
3.18879
3.18740
3.18632
3.18775
3.18600
3.18800
3.18653
3.18720
3.18826
3.18742
3.18758
3.18790
3.18654
3.18762
3.18887
3.18794
3.18708
3.18815
3.18788
3.18826
3.18873
3.18832
3.18782
3.18730
3.18814
3.18691
3.18910
3.18790
3.18734
3.18732
3.18604
3.18683
3.18881
3.18669
3.18831
3.18569
3.18560
3.18726
3.18599
3.18890
3.18721
3.18811
3.18734
3.18827
3.18665
3.18927
3.18708
3.18746
3.18833
3.18710
3.18676
3.18657
3.18837
3.18733
3.18851
3.18749
3.18695
3.18769
3.18832
3.18809
3.18659
3.18715
3.18786
3.18686
3.18733
3.18720
3.18745
3.18641
3.18741
3.18606
3.18758
3.18589
3.18620
3.18773
3.18692
3.18780
3.18685
3.18777
3.18956
3.18746
3.18782
3.18660
3.18770
3.18781
3.18860
3.18653
3.19008
3.18756
3.18792
3.18784
3.18800
3.18609
3.18560
3.18689
3.18649
3.18649
3.18631
3.18743
3.18869
3.18653
3.18756
3.18923
3.18572
3.18719
3.18794
3.18832
3.18715
3.18695
3.18785
3.18742
3.18620
3.18717
3.18762
3.18776
3.18772
3.18911
3.18856
3.18683
3.18706
3.18737
3.18827
3.18676
3.18623
3.18709
3.18851
3.18591
3.18476
3.18731
3.18749
3.18855
3.18753
3.18867
3.18803
3.18728
3.18680
3.18752
3.18691
3.18829
3.18730
