0.370159
0.327076
0.335771
0.355929
0.322925
0.324902
0.366601
0.318775
0.354348
0.368182
0.343084
0.345257
0.358696
0.339724
0.355732
0.348617
0.328459
0.363835
0.334388
0.328657
0.335574
0.366206
0.342293
0.333993
0.356325
0.358499
0.334783
0.376483
0.335771
0.340119
0.335771
0.326483
0.335574
0.356127
0.339921
0.302570
0.328261
0.344467
0.331621
0.365020
0.309091
0.330831
0.329447
0.317194
0.340119
0.332412
0.342491
0.371147
0.358696
0.334190
0.350001
0.349803
0.333795
0.341305
0.355732
0.333004
0.341107
0.333004
0.338143
0.362451
0.340119
0.336957
0.369171
0.336957
0.349210
0.334981
0.361265
0.346443
0.321937
0.347036
0.364427
0.333400
0.369961
0.363044
0.329842
0.344072
0.361463
0.323716
0.370949
0.348617
0.340910
0.379447
0.350593
0.331226
0.363242
0.355336
0.332214
0.353755
0.335771
0.314032
0.337945
0.322728
0.300396
0.346443
0.328854
0.310672
0.335969
0.337748
0.299803
0.332412
0.340317
0.316799
0.351582
0.313834
0.337352
0.295653
0.323123
0.327273
0.312846
0.307510
0.323321
0.311661
0.314032
0.325099
0.324111
0.325099
0.326680
0.314625
0.315811
0.343676
0.325099
0.318182
0.352767
0.320554
0.328657
0.352372
0.327866
0.314032
0.337352
0.296246
0.337945
0.327668
0.316008
0.345850
0.335376
0.325495
0.338143
0.349605
0.342491
0.356127
0.344665
0.323716
0.350989
0.350198
0.321740
0.342688
0.333597
0.307906
0.319170
0.353163
0.323123
0.317787
0.325692
0.306127
0.281226
0.321937
0.326285
0.326087
0.342293
0.318380
0.303163
0.325495
0.298815
0.312846
0.346246
0.313439
0.291898
0.325692
0.326680
0.297036
0.335969
0.307906
0.314427
0.337945
0.323914
0.311661
0.341305
0.297629
0.304546
0.341305
0.328657
0.316799
0.324506
0.350396
0.317787
0.315218
0.313439
0.347827
0.314427
0.324111
0.341898
0.303953
0.329447
0.321344
0.325495
0.315613
0.277866
0.292491
0.328854
0.316206
0.319170
0.312649
0.303953
0.292688
0.346838
0.304744
0.333993
0.317589
0.301384
0.367589
0.336957
0.325297
0.324111
0.326680
0.311068
0.331028
0.352174
0.298617
0.321740
0.321542
0.333400
0.295653
0.329645
0.322728
0.321147
0.330831
0.322728
0.317787
0.328064
0.319763
0.317392
0.345060
0.301779
0.347431
0.329447
0.309091
0.328261
0.315811
0.316997
0.308894
0.354348
0.328261
0.326483
0.344467
0.304941
0.346246
0.323914
0.323123
0.357115
0.328261
0.312846
0.328261
0.298222
0.303953
0.316997
0.297234
0.308696
0.326087
0.314625
0.310870
0.311661
0.305929
0.324902
0.312253
0.319763
0.349803
0.341107
0.321147
0.373123
0.318973
0.343281
0.328657
0.281819
0.335178
0.324309
0.330633
0.339724
0.307313
0.321542
0.340119
0.291107
0.290317
0.304348
0.297431
0.307708
0.337945
0.346246
0.290910
0.303163
0.325890
0.311265
0.328854
0.290119
0.325099
0.327866
0.298024
0.322135
0.307510
0.316601
0.289921
0.278459
0.316799
0.310672
0.306917
0.316601
0.337550
0.303755
0.316404
0.309487
0.281226
0.292886
0.314230
0.311463
0.320949
0.313242
0.309684
0.345060
0.296048
0.317985
0.326878
0.301384
0.317787
0.323123
0.292491
0.313637
0.314427
0.291305
0.308696
0.324506
0.317985
0.303558
0.322135
0.293676
0.311858
0.327076
0.301582
0.314032
0.287945
0.317194
0.325297
0.312056
0.312451
0.304744
0.282807
0.296246
0.290514
0.255929
0.314427
0.306325
0.286759
0.303163
0.317985
0.311265
0.310277
0.315811
0.308103
0.319763
0.311858
0.282609
0.312253
0.293874
0.298815
0.294664
0.279645
0.295060
0.301186
0.285574
0.301779
0.327273
0.314625
0.313439
0.338933
0.299408
0.281621
0.318775
0.296048
0.323123
0.298024
0.272135
0.303163
0.321937
0.305534
0.315218
0.292491
0.304744
0.329842
0.317787
0.294862
0.321542
0.321937
0.300593
0.352965
0.309487
0.283004
0.313242
0.307510
0.310870
0.286166
0.309091
0.302174
0.294467
0.291305
0.324902
0.294467
0.296443
0.301186
0.287550
0.295455
0.334585
0.294862
0.279052
0.301779
0.300000
0.285969
0.305732
0.294664
0.309289
0.292688
0.285574
0.314625
0.308103
0.304744
0.295257
0.297036
0.292886
0.309487
0.315416
0.303360
0.320356
0.322530
0.280633
0.309289
0.288538
0.287945
0.306917
0.303163
0.307510
0.269368
0.308498
0.335771
0.297629
0.344665
0.302767
0.298419
0.278657
0.295257
0.310080
0.292886
0.314230
0.327471
0.301977
0.311661
0.282807
0.314823
0.313242
0.328261
0.301977
0.287945
0.301582
0.296838
0.281226
0.322333
0.322333
0.322925
0.293676
0.321147
0.302965
0.306720
0.312451
0.306325
0.313242
0.301582
0.311463
0.302965
0.257115
0.314427
0.310080
0.273518
0.317392
0.308103
0.284783
0.288538
0.309091
0.282609
0.303360
0.317589
0.329447
0.295257
0.302767
0.329447
0.298617
0.326680
0.284585
0.301384
0.309091
0.311463
0.291107
0.329645
0.309882
0.291898
0.311265
0.294862
0.305534
0.298617
0.325297
0.290712
0.274506
0.317985
0.278261
0.287550
0.324309
0.304546
0.275099
0.318182
0.314032
0.305534
0.326087
0.315218
0.285771
0.293479
0.313637
0.311858
0.289921
0.304348
0.283400
0.300396
0.319368
0.301977
0.266601
0.298222
0.283400
0.312451
0.305336
0.294862
0.323123
0.294269
0.284981
0.310475
0.330238
0.292688
0.312451
0.314823
0.286759
0.301779
0.324704
0.301779
0.258894
0.298222
0.283202
0.295850
0.312056
0.295653
0.272728
0.306325
0.318973
0.289329
0.304941
0.312056
0.263637
0.301186
0.304348
0.304546
0.304941
0.300000
0.284388
0.295653
0.303558
0.322135
0.303755
0.287352
0.304744
0.303360
0.285969
0.288340
0.272925
0.315416
0.280830
0.319763
0.298617
0.280435
0.316206
0.309684
0.295455
0.303755
0.308696
0.292293
0.261660
0.315020
0.278261
0.299012
0.292491
0.312451
0.293479
0.326680
0.301384
0.286364
0.250000
0.291700
0.256720
0.283400
0.284783
0.305336
0.294862
0.315811
0.309684
0.288340
0.299803
0.288143
0.301779
0.316601
0.297629
0.277471
0.304941
0.292491
0.295060
0.304348
0.296443
0.298617
0.261068
0.292491
0.279249
0.278459
0.297827
0.293874
0.288340
0.281819
0.284190
0.277076
0.287945
0.310475
0.312056
0.277866
0.294269
0.287945
0.294072
0.286166
0.283202
0.309882
0.290119
0.283004
0.297827
0.293083
0.267589
0.317787
0.296641
0.276680
0.292688
0.287747
0.284585
0.309684
0.272332
0.284585
0.295060
0.288933
0.271937
0.274704
0.287550
0.266601
0.301582
0.306325
0.265811
0.291898
0.281028
0.274111
0.286957
0.283400
0.306720
0.282016
0.296443
0.298419
0.289131
0.278064
0.305534
0.306325
0.279447
0.309091
0.302570
0.283004
0.285574
0.299012
0.288736
0.281423
0.300989
0.286759
0.276878
0.295060
0.279842
0.322333
0.288538
0.298815
0.307115
0.286562
0.290910
0.279645
0.306325
0.273123
0.295257
0.296443
0.311661
0.301779
0.304348
0.309289
0.292886
0.286562
0.298222
0.285376
0.282411
0.295060
0.199012
0.201186
0.197233
0.196443
0.198222
0.190514
0.197431
0.196641
0.197036
0.195257
0.197233
0.197826
0.200198
0.194664
0.203953
0.192688
0.199012
0.192293
0.199012
0.193676
0.196048
0.197036
0.192688
0.199012
0.204546
0.194467
0.194467
0.202174
0.189131
0.191502
0.199210
0.189921
0.200988
0.198617
0.197036
0.190514
0.188340
0.197233
0.188933
0.191502
0.192095
0.196641
0.189131
0.190712
0.181226
0.183992
0.187747
0.197629
0.197629
0.189921
0.184388
0.194862
0.189526
0.187747
0.191700
0.184981
0.198222
0.200988
0.190909
0.203558
0.202174
0.195850
0.201581
0.200593
0.195060
0.191898
0.197431
0.187945
0.185969
0.192490
0.199407
0.194269
0.196443
0.192886
0.198815
0.197431
0.192293
0.199407
0.187154
0.191898
0.200988
0.191305
0.194862
0.194664
0.193083
0.190514
0.191305
0.188933
0.187747
0.187747
0.188340
0.194862
0.193676
0.187945
0.184981
0.181621
0.187945
0.181621
0.188735
0.181226
0.181028
0.174506
0.185178
0.183202
0.179447
0.181226
0.183202
0.189131
0.175494
0.185376
0.191700
0.178261
0.185969
0.191700
0.178459
0.190119
0.183004
0.188933
0.184783
0.180633
0.184981
0.183004
0.192688
0.191502
0.190514
0.189921
0.190909
0.183992
0.195455
0.183004
0.195455
0.185178
0.188340
0.191700
0.200000
0.187945
0.187352
0.195652
0.187945
0.193083
0.194071
0.200396
0.185178
0.191107
0.192293
0.190119
0.195455
0.187945
0.188538
0.180435
0.200593
0.191305
0.188735
0.192293
0.200988
0.189921
0.195257
0.192095
0.193479
0.194269
0.191898
0.199803
0.188143
0.194862
0.192688
0.199605
0.189131
0.192886
0.195652
0.187352
0.192293
0.189131
0.190316
0.187154
0.183992
0.190514
0.185573
0.186166
0.183202
0.192490
0.193281
0.186957
0.181028
0.186364
0.180237
0.182214
0.191700
0.183597
0.190316
0.185178
0.190316
0.173123
0.187550
0.191305
0.180237
0.185969
0.186166
0.182214
0.189328
0.191700
0.179447
0.183992
0.189328
0.187352
0.195652
0.188538
0.185969
0.182016
0.189131
0.192095
0.188735
0.179447
0.185376
0.179842
0.188340
0.175890
0.180633
0.176482
0.177471
0.169763
0.187352
0.183202
0.182807
0.175692
0.184388
0.178459
0.176680
0.183202
0.190119
0.183399
0.182807
0.172530
0.180633
0.174506
0.187945
0.181818
0.176680
0.176482
0.185573
0.184981
0.171937
0.179447
0.177273
0.177273
0.174309
0.182016
0.186166
0.181028
0.175297
0.182411
0.180830
0.189328
0.185376
0.184190
0.177668
0.182016
0.177273
0.184190
0.179447
0.187747
0.175494
0.189526
0.176878
0.185573
0.179052
0.180830
0.182016
0.185771
0.188340
0.177075
0.184388
0.184190
0.178261
0.183992
0.181226
0.177471
0.175890
0.184783
0.173123
0.180633
0.183795
0.184783
0.178854
0.182411
0.185573
0.182411
0.185178
0.182411
0.186759
0.185178
0.181621
0.185376
