0.250381
0.251962
0.249986
0.242674
0.254334
0.243662
0.251172
0.240698
0.247022
0.257496
0.242279
0.235955
0.246231
0.248405
0.242279
0.239710
0.245836
0.241686
0.235165
0.253346
0.245638
0.248010
0.249393
0.244255
0.245441
0.241093
0.247812
0.246429
0.244058
0.247417
0.243860
0.246824
0.244650
0.238722
0.245243
0.240500
0.238327
0.247219
0.247022
0.239710
0.247615
0.241093
0.239117
0.241489
0.244848
0.245441
0.234572
0.255717
0.241686
0.246034
0.247022
0.233781
0.251567
0.246429
0.248208
0.246429
0.249788
0.248603
0.235165
0.223308
0.238919
0.228841
0.232200
0.248603
0.241093
0.231410
0.241884
0.235955
0.241093
0.238524
0.234177
0.235560
0.248010
0.234177
0.241291
0.240500
0.244453
0.246627
0.228248
0.246627
0.233979
0.237931
0.235560
0.230817
0.235758
0.250777
0.239908
0.238129
0.233189
0.247417
0.231410
0.239315
0.247022
0.241884
0.242477
0.227260
0.241291
0.224691
0.232398
0.247417
0.244650
0.238722
0.239710
0.248010
0.247022
0.242279
0.247219
0.247615
0.236350
0.250777
0.240896
0.250381
0.249591
0.240896
0.251765
0.239908
0.244058
0.242279
0.247219
0.245441
0.246824
0.237536
0.234374
0.247022
0.245638
0.242872
0.241884
0.248010
0.241291
0.238524
0.237339
0.254729
0.248603
0.249986
0.238722
0.249986
0.247417
0.244058
0.246034
0.244255
0.245441
0.237734
0.245046
0.249986
0.236350
0.241686
0.247812
0.238129
0.239512
0.241686
0.238327
0.244453
0.240303
0.236350
0.235362
0.238722
0.238327
0.224889
0.220541
0.240698
0.243069
0.230620
0.235758
0.238722
0.219355
0.234572
0.231015
0.236548
0.233189
0.233189
0.237339
0.230027
0.236746
0.232991
0.240500
0.243069
0.238919
0.244255
0.232398
0.238524
0.243662
0.243860
0.239710
0.243662
0.241884
0.234572
0.250184
0.240896
0.239908
0.236350
0.235362
0.232596
0.229039
0.242279
0.241884
0.244453
0.231608
0.237734
0.232793
0.254531
0.248010
0.231608
0.249196
0.248405
0.236350
0.235955
0.227260
0.236153
0.233189
0.234967
0.228248
0.241884
0.227260
0.242477
0.235955
0.231212
0.247417
0.232596
0.231410
0.239908
0.231805
0.232596
0.231410
0.242674
0.233584
0.238524
0.224493
0.232596
0.231212
0.228446
0.230817
0.228051
0.236350
0.228248
0.225481
0.234374
0.232991
0.227260
0.233189
0.227062
0.239512
0.237339
0.239512
0.231805
0.225877
0.222715
0.234572
0.227062
0.230224
0.225284
0.239908
0.211846
0.230620
0.225284
0.220541
0.211055
0.222320
0.228643
0.211846
0.229434
0.224296
0.216786
0.215996
0.215008
0.217379
0.218565
0.220739
0.219948
0.206905
0.214020
0.212241
0.217182
0.212636
0.223110
0.206905
0.209672
0.211451
0.210265
0.215403
0.209079
0.215601
0.210463
0.214020
0.220146
0.217379
0.216786
0.221529
0.216193
0.224296
0.220343
0.222912
0.215403
0.228643
0.227458
0.224296
0.224889
0.224493
0.213427
0.234374
0.227853
0.235560
0.229039
0.224691
0.235362
0.221529
0.233189
0.220936
0.228446
0.225679
0.232793
0.228051
0.228051
0.227062
0.224296
0.218367
0.225481
0.224296
0.234770
0.230027
0.228643
0.236746
0.227853
0.221924
0.234572
0.220343
0.228051
0.230027
0.218565
0.221924
0.228248
0.227260
0.231212
0.226074
0.223308
0.220936
0.214217
0.224691
0.225284
0.231410
0.219158
0.225481
0.219948
0.226865
0.234572
0.221529
0.224098
0.229434
0.217774
0.224296
0.225481
0.221727
0.225086
0.217972
0.221134
0.231212
0.223703
0.231608
0.223901
0.206708
0.219355
0.226667
0.229829
0.215601
0.225284
0.206115
0.224691
0.224493
0.208684
0.217972
0.232596
0.222122
0.220739
0.212241
0.224098
0.220541
0.219158
0.218170
0.219948
0.213427
0.224691
0.212241
0.214415
0.215996
0.217379
0.213822
0.210463
0.211451
0.215008
0.210858
0.217577
0.216391
0.217182
0.211253
0.218960
0.209079
0.217379
0.223308
0.223110
0.213427
0.214415
0.210265
0.216589
0.217182
0.214217
0.218170
0.217972
0.214613
0.222912
0.211846
0.216984
0.219948
0.211055
0.214415
0.215601
0.210858
0.204929
0.212439
0.210858
0.217972
0.211253
0.210660
0.211055
0.204336
0.214613
0.199396
0.208684
0.214415
0.208684
0.211055
0.208486
0.220739
0.212834
0.212834
0.219948
0.216786
0.214810
0.212439
0.217774
0.213624
0.219158
0.204336
0.213427
0.208882
0.205325
0.194653
0.206510
0.207498
0.201767
0.221332
0.220146
0.213229
0.204534
0.199594
0.208684
0.210463
0.200977
0.204336
0.209870
0.208486
0.211846
0.214613
0.204732
0.216786
0.209870
0.214217
0.208882
0.210463
0.206510
0.215403
0.201767
0.204732
0.212439
0.208684
0.208289
0.211055
0.213624
0.209672
0.208882
0.208486
0.213624
0.212439
0.214613
0.211253
0.215205
0.205917
0.215008
0.208882
0.219355
0.223110
0.221529
0.214613
0.221924
0.217182
0.209079
0.210858
0.212241
0.227260
0.208486
0.205917
0.204336
0.210067
0.201372
0.211451
0.213822
0.203744
0.211055
0.207498
0.205522
0.211846
0.196827
0.215008
0.208684
0.202360
0.217774
0.192875
0.207301
0.204929
0.207894
0.211253
0.205917
0.217379
0.207301
0.212834
0.212834
0.211055
0.209277
0.208882
0.211846
0.216391
0.219158
0.208684
0.205522
0.209474
0.208684
0.211253
0.211846
0.219751
0.215996
0.203941
0.215601
0.217182
0.214415
0.211846
0.209079
0.213624
0.211055
0.204534
0.210858
0.211846
0.208882
0.205325
0.215008
0.206115
0.206510
0.216786
0.215403
0.207301
0.209079
0.204534
0.202953
0.208289
0.217182
0.195641
0.216193
0.205325
0.223505
0.198210
0.205522
0.207696
0.206905
0.201767
0.203151
0.202163
0.202558
0.199396
0.206313
0.203744
0.218170
0.211846
0.208684
0.199198
0.198408
0.210858
0.201767
0.204732
0.206313
0.211648
0.201767
0.207301
0.195048
0.215008
0.209277
0.215601
0.204336
0.203744
0.211451
0.200582
0.197420
0.211648
0.202558
0.213624
0.204534
0.213822
0.214217
0.210463
0.213427
0.214415
0.210660
0.205917
0.213032
0.213427
0.214613
0.200779
0.204732
0.208486
0.214217
0.219355
0.214020
0.210858
0.212636
0.216984
0.203348
0.210858
0.217774
0.210858
0.210067
0.216984
0.210067
0.197617
0.205720
0.199198
0.206905
0.206115
0.199594
0.209474
0.210067
0.208684
0.204929
0.217182
0.209672
0.206510
0.210463
0.204534
0.214020
0.218367
0.203151
0.218762
0.209474
0.212241
0.206905
0.217774
0.214613
0.206115
0.211451
0.206313
0.215403
0.211648
0.216391
0.210660
0.215601
0.215601
0.221332
0.217182
0.211648
0.212439
0.208684
0.215798
0.211253
0.219355
0.213624
0.209079
0.205917
0.215205
0.213822
0.210660
0.208684
0.197222
0.198013
0.209474
0.219948
0.205325
0.211648
0.201570
0.200384
0.214415
0.206905
0.210463
0.207894
0.219158
0.207894
0.212241
0.217774
0.215996
0.208289
0.207103
0.219355
0.210463
0.206708
0.209870
0.218960
0.206708
0.207696
0.200186
0.202360
0.203348
0.205522
0.208091
0.199989
0.202558
0.202558
0.200779
0.196234
0.197815
0.203151
0.203941
0.206313
0.196234
0.198210
0.208091
0.210463
0.206115
0.201175
0.202558
0.197617
0.215403
0.207894
0.212043
0.205127
0.201570
0.201965
0.203151
0.205720
0.202953
0.199791
0.202755
0.206905
0.196827
0.207696
0.194258
0.198606
0.196037
0.198408
0.195444
0.198210
0.203744
0.194258
0.194456
0.193863
0.202558
0.201767
0.197815
0.194851
0.194653
0.198606
0.204336
0.202360
0.213624
0.195641
0.204732
0.207301
0.200582
0.203941
0.205720
0.208486
0.212636
0.207696
0.199396
0.207696
0.200384
0.197025
0.207894
0.201372
0.202755
0.196827
0.191491
0.196827
0.199594
0.193665
0.189910
0.197420
0.186353
0.202558
0.202953
0.200779
0.189515
0.193467
0.195839
0.208684
0.192875
0.198803
0.196037
0.206905
0.203744
0.209277
0.205127
0.200582
0.196827
0.192084
0.200977
0.193863
0.192084
0.200779
0.206510
0.206115
0.210067
0.205917
0.200779
0.203348
0.194060
0.200779
0.198013
0.188725
0.201175
0.203744
0.202953
0.207103
0.203941
0.198606
0.199594
0.202755
0.188922
0.191689
0.200779
0.201965
0.203744
0.205522
0.200779
0.193270
0.186551
0.193072
0.194060
0.201372
0.194851
0.202558
0.198210
0.191689
0.196827
0.191294
0.204336
0.195246
0.208486
0.190108
0.199791
0.187934
0.197617
0.192479
0.187934
0.187341
0.199791
0.197815
0.201767
0.183587
0.186748
0.188329
0.192677
0.202558
0.194851
0.189910
0.208091
0.206313
0.213624
0.193072
0.193467
0.200582
0.199001
0.199594
0.204929
0.206115
0.199989
0.202755
0.191887
0.199791
0.201965
0.189910
0.198803
0.203744
0.188132
0.195839
0.193863
0.195048
0.206115
0.211253
0.190503
0.191887
0.196629
0.200977
0.201570
0.198606
0.199198
0.191096
0.206115
0.197420
0.188725
0.194456
0.193072
0.193072
0.191294
0.190898
0.190701
0.196234
0.196827
0.196629
0.190108
0.195048
0.199001
0.184970
0.192875
0.194851
0.189713
0.193665
0.197617
0.193665
0.192677
0.195048
0.184377
0.189515
0.184772
0.193665
0.188329
0.188329
0.198408
0.194258
0.197617
0.188922
0.201570
0.181610
0.188132
0.193270
0.192677
0.193863
0.193863
0.192084
0.201175
0.189515
0.194851
0.202558
0.187737
0.201965
0.196234
0.204534
0.200977
0.197222
0.199594
0.201767
0.197420
0.199396
0.203941
0.201570
0.195246
0.194653
0.196629
0.202360
0.207894
0.190503
0.197420
0.184575
0.191887
0.190503
0.190503
0.194060
0.188329
0.182994
0.191689
0.192282
0.192677
0.197815
0.186551
0.196629
0.180425
0.193665
0.187934
0.191294
0.192875
0.186748
0.193863
0.201570
0.188329
0.188329
0.194060
0.191491
0.192282
0.192875
0.190701
0.195839
0.188527
0.184377
0.189515
0.190306
0.189318
0.191887
0.194851
0.186353
0.185563
0.191689
0.188725
0.199989
0.188922
0.190306
0.202755
0.200779
