0.585179
0.582610
0.578459
0.575890
0.581819
0.589329
0.582412
0.588143
0.582017
0.579250
0.582610
0.593084
0.594270
0.592293
0.583795
0.582807
0.586760
0.582214
0.586365
0.578262
0.582807
0.597432
0.587353
0.588538
0.594072
0.596048
0.587155
0.585969
0.578657
0.576285
0.585772
0.580238
0.575495
0.577867
0.576681
0.575297
0.569171
0.570357
0.563440
0.569171
0.575297
0.571345
0.566009
0.563440
0.570949
0.568776
0.567787
0.569764
0.568776
0.564823
0.571938
0.579250
0.584784
0.578064
0.575890
0.579843
0.575297
0.573519
0.573914
0.567985
0.558894
0.563440
0.547827
0.550199
0.552768
0.558301
0.559882
0.567985
0.557906
0.554744
0.557906
0.553953
0.550791
0.552175
0.555930
0.549803
0.560278
0.549606
0.547629
0.550396
0.547827
0.550199
0.555337
0.552372
0.549803
0.550791
0.551384
0.539527
0.541305
0.528459
0.535969
0.530040
0.523123
0.526285
0.538934
0.527274
0.528459
0.514032
0.515218
0.511068
0.515218
0.522333
0.515416
0.521147
0.516799
0.510673
0.511068
0.504349
0.518380
0.518578
0.520554
0.519764
0.531819
0.534586
0.539131
0.528262
0.532412
0.541305
0.538736
0.540317
0.550001
0.546839
0.544270
0.548815
0.550001
0.549606
0.545851
0.563044
0.552372
0.557511
0.562056
0.557313
0.560870
0.558697
0.560278
0.549606
0.553756
0.555139
0.550001
0.553558
0.556720
0.539922
0.544072
0.548222
0.535574
0.543281
0.556523
0.542293
0.548617
0.545653
0.538538
0.542096
0.551187
0.547234
0.544467
0.537946
0.531819
0.526681
0.526878
0.528855
0.531226
0.526483
0.531029
0.537550
0.532214
0.540910
0.535376
0.527076
0.528855
0.533598
0.536364
0.547234
0.534388
0.542293
0.538934
0.539329
0.541108
0.541898
0.545455
0.542491
0.541503
0.542096
0.535574
0.536957
0.544072
0.536562
0.534981
0.528657
0.535574
0.531226
0.531226
0.518973
0.516997
0.515021
0.526088
0.527471
0.522135
0.528459
0.518973
0.529250
0.530633
0.530238
0.532610
0.540712
0.540712
0.538934
0.537748
0.542886
0.550594
0.551977
0.556325
0.554942
0.559289
0.554151
0.553558
0.554744
0.541305
0.552768
0.555337
0.554546
0.561068
0.564428
0.574309
0.579843
0.589724
0.581819
0.577669
0.586365
0.599210
0.594270
0.597234
0.611859
0.600989
0.609685
0.613044
0.601977
0.597036
0.598815
0.598025
0.593084
0.594863
0.594072
0.598618
0.585376
0.584388
0.584784
0.589724
0.593677
0.585969
0.585574
0.597827
0.589724
0.595060
0.590712
0.580040
0.591503
0.597432
0.588341
0.582412
0.589329
0.582214
0.578855
0.589527
0.588934
0.591898
0.604744
0.593677
0.586957
0.588538
0.590712
0.582610
0.592491
0.593677
0.591898
0.591898
0.591701
0.588538
0.595060
0.590515
0.582412
0.579448
0.568973
0.587946
0.593677
0.592886
0.597432
0.592689
0.582017
0.585969
0.579645
0.580831
0.582412
0.579843
0.576681
0.565021
0.563044
0.557313
0.559882
0.565614
0.569171
0.304151
0.560475
0.566404
0.582610
0.577669
0.572333
0.578459
0.574309
0.575100
0.576483
0.579250
0.576285
0.575890
0.568776
0.575100
0.587946
0.567985
0.560475
0.578262
0.566997
0.566206
0.579645
0.581621
0.570554
0.575693
0.558499
0.559289
0.551582
0.554546
0.558301
0.561068
0.556720
0.554349
0.551977
0.550989
0.552372
0.557511
0.548617
0.550199
0.558894
0.549210
0.540712
0.537353
0.531424
0.541503
0.545258
0.534981
0.540712
0.545851
0.544270
0.551582
0.542096
0.552965
0.543479
0.541503
0.541503
0.535772
0.542293
0.542491
0.525890
0.535376
0.545851
0.540515
0.544665
0.554744
0.549408
0.550396
0.541898
0.539329
0.545258
0.543479
0.546641
0.543084
0.544072
0.540515
0.554546
0.548222
0.539131
0.543479
0.548617
0.548815
0.534190
0.553558
0.548617
0.541503
0.545455
0.551187
0.550791
0.554744
0.550396
0.553558
0.560475
0.556720
0.558697
0.548815
0.548815
0.560278
0.544467
0.554151
0.550001
0.556720
0.551977
0.546246
0.544270
0.542293
0.543479
0.550791
0.550791
0.544665
0.553361
0.555139
0.552965
0.543281
0.552965
0.539329
0.534190
0.542096
0.548815
0.542293
0.554151
0.544862
0.547432
0.541503
0.547432
0.550791
0.540910
0.542293
0.546641
0.544862
0.545258
0.539131
0.543479
0.550791
0.542491
0.540910
0.549803
0.554151
0.548222
0.551582
0.549013
0.536364
0.536562
0.541108
0.540712
0.534388
0.546444
0.536364
0.526088
0.536957
0.535772
0.526483
0.524309
0.522530
0.521938
0.516009
0.517985
0.523914
0.523914
0.523914
0.513637
0.517392
0.509289
0.525297
0.522530
0.506720
0.508103
0.512649
0.512847
0.507115
0.514625
0.513835
0.507511
0.518578
0.511661
0.519764
0.528262
0.522333
0.523914
0.520949
0.529447
0.522135
0.511661
0.519368
0.529250
0.537550
0.529447
0.532807
0.521740
0.524704
0.527274
0.531029
0.533005
0.536364
0.537748
0.538934
0.536760
0.542886
0.542491
0.543281
0.542293
0.548222
0.547827
0.538341
0.542491
0.541108
0.528262
0.538341
0.531819
0.529250
0.535969
0.519566
0.533202
0.525692
0.527274
0.520554
0.512056
0.519171
0.517590
0.507708
0.510475
0.513242
0.504151
0.508696
0.512847
0.508499
0.511463
0.510080
0.506522
0.507115
0.510673
0.506918
0.496048
0.503558
0.506720
0.505534
0.515021
0.511859
0.511859
0.515613
0.510870
0.509289
0.502570
0.511463
0.506522
0.503558
0.496641
0.498617
0.500198
0.500791
0.499606
0.500791
0.488538
0.501977
0.492096
0.485574
0.505337
0.513242
0.504744
0.517392
0.522926
0.523321
0.528262
0.525692
0.529447
0.530831
0.545653
0.548222
0.547036
0.542491
0.537550
0.541108
0.533400
0.541108
0.542886
0.543281
0.539329
0.537155
0.548420
0.549606
0.553756
0.545258
0.546839
0.558301
0.559487
0.562056
0.558697
0.548617
0.547629
0.557313
0.546048
0.557708
0.559487
0.556325
0.566997
0.557511
0.568183
0.566206
0.560870
0.580040
0.582412
0.570554
0.579843
0.579250
0.586562
0.580238
0.582807
0.585376
0.587946
0.585376
0.578459
0.584784
0.576483
0.585376
0.576088
0.574704
0.571147
0.576285
0.575693
0.568776
0.573321
0.567787
0.571345
0.567590
0.559882
0.561068
0.561661
0.555139
0.564823
0.567787
0.567985
0.569566
0.571542
0.576681
0.569961
0.563044
0.569171
0.553756
0.560278
0.560870
0.561266
0.554151
0.549210
0.545851
0.547629
0.557511
0.560870
0.557708
0.551779
0.556127
0.556720
0.551977
0.546839
0.550989
0.553163
0.549210
0.549408
0.552965
0.556127
0.546444
0.548420
0.545060
0.551187
0.546839
0.539131
0.541503
0.541108
0.540910
0.545258
0.539527
0.543281
0.528657
0.540910
0.534783
0.526088
0.523519
0.530436
0.536167
0.531029
0.534586
0.541503
0.534388
0.539329
0.540119
0.546641
0.538341
0.555337
0.546048
0.548420
0.546048
0.554151
0.541503
0.554942
0.546246
0.541700
0.538143
0.536562
0.540712
0.526878
0.542689
0.522926
0.533005
0.538538
0.530040
0.536957
0.538934
0.545060
0.541700
0.541503
0.535179
0.535376
0.531621
0.531226
0.534388
0.528262
0.529052
0.529447
0.528657
0.527274
0.531226
0.533202
0.537550
0.536562
0.539724
0.541503
0.541305
0.541305
0.537946
0.540317
0.537353
0.528262
0.539922
0.537353
0.537946
0.536167
0.530238
0.531621
0.517392
0.525890
0.530040
0.523716
0.520949
0.525495
0.522926
0.526483
0.524111
0.527274
0.520949
0.531424
0.533795
0.524704
0.529843
0.519764
0.515416
0.513044
0.521938
0.517194
0.523123
0.526681
0.524111
0.519566
0.528064
0.519764
0.518380
0.515811
0.518973
0.527866
0.535969
0.523519
0.524704
0.525100
0.525297
0.518973
0.520949
0.519764
0.505534
0.520357
0.506325
0.522926
0.518775
0.516799
0.521938
0.524902
0.515416
0.521345
0.514032
0.530238
0.521147
0.521740
0.528855
0.531029
0.517985
0.525495
0.526681
0.531424
0.531029
0.528855
0.542689
0.534586
0.543874
0.539329
0.530633
0.522926
0.535179
0.530436
0.529052
0.531226
0.541700
0.531226
0.526088
0.532807
0.537353
0.545653
0.545455
0.557313
0.566206
0.556523
0.556523
0.563242
0.558104
0.553756
0.553361
0.558301
0.552372
0.561266
0.558697
0.554151
0.556720
0.552570
0.545851
0.554349
0.553953
0.545653
0.540317
0.543084
0.535376
0.532807
0.537946
0.548815
0.541700
0.543874
0.542096
0.541700
0.537353
0.550199
0.544862
0.544270
0.536167
0.549013
0.546839
0.549606
0.545060
0.549408
0.542689
0.533598
0.541305
0.547432
0.552768
0.547827
0.553163
0.548222
0.547432
0.542293
0.533993
0.544467
0.538341
0.544467
0.541503
0.538934
0.548420
0.541898
0.545653
0.544467
0.546839
0.528064
0.538143
0.544270
0.542096
0.526483
0.519171
0.524704
0.516997
0.530831
0.522333
0.530040
0.527471
0.530633
0.539527
0.535772
0.532412
0.536562
0.528855
0.524507
0.534783
0.534783
0.533400
0.542689
0.545653
0.536760
0.539329
0.536364
0.549606
0.540119
0.528459
0.538736
0.534981
0.531226
0.528855
0.532610
0.534190
0.534981
0.532017
0.533795
0.538143
0.534388
0.535969
0.527471
0.533993
0.524902
0.525297
0.525495
0.533202
0.534586
0.525692
0.522728
0.516799
0.510080
0.517590
0.510080
0.500198
0.517194
0.517590
0.516009
0.523914
0.524111
0.536760
0.547432
0.544665
0.544862
0.537748
0.547432
0.544665
0.552965
0.554744
0.546246
0.550791
0.553953
0.555139
0.557511
0.560278
0.548025
0.557116
0.552372
0.561463
0.562056
0.577274
0.579052
0.579843
0.583993
0.586760
0.597432
0.590515
0.589527
0.599013
0.602768
0.608697
0.605139
0.606325
0.591503
0.591503
0.597432
0.591108
0.600001
0.602965
0.595258
0.599210
0.590712
0.590712
0.593874
0.594863
0.585179
0.584981
0.583993
0.585376
0.583795
0.587550
0.589131
0.588736
0.579843
0.578262
0.584586
0.581621
0.581819
0.580238
0.573519
0.574507
0.562451
0.566206
0.560673
0.580238
0.570357
