0.565218
0.570159
0.580238
0.576878
0.580633
0.577076
0.574112
0.566009
0.571345
0.569368
0.563242
0.559487
0.568973
0.562254
0.567195
0.571740
0.565614
0.578262
0.578064
0.569566
0.578262
0.582017
0.588934
0.585179
0.580831
0.582214
0.582412
0.582807
0.592689
0.585969
0.574309
0.577274
0.578064
0.573321
0.570357
0.572333
0.570159
0.572531
0.573321
0.567985
0.561859
0.557906
0.559289
0.555534
0.551187
0.557116
0.554744
0.553756
0.555139
0.570159
0.556523
0.572531
0.563044
0.573321
0.566206
0.565021
0.554744
0.544862
0.544665
0.551582
0.549408
0.552570
0.552768
0.548420
0.550001
0.551977
0.544665
0.532017
0.536760
0.542886
0.534586
0.548222
0.540910
0.545060
0.535574
0.532610
0.536562
0.539724
0.542293
0.540317
0.530831
0.532807
0.540317
0.532214
0.534981
0.534783
0.534190
0.552175
0.530040
0.534190
0.529645
0.527669
0.533202
0.517590
0.521938
0.516799
0.527274
0.521740
0.528459
0.531819
0.526483
0.523321
0.514032
0.527274
0.529645
0.525100
0.526681
0.528855
0.539724
0.528459
0.540910
0.545851
0.537155
0.547629
0.543281
0.547234
0.535179
0.543281
0.542689
0.538736
0.548025
0.541503
0.526285
0.536364
0.534783
0.523914
0.534388
0.539131
0.538934
0.541305
0.537353
0.541108
0.554546
0.545851
0.544467
0.544862
0.540515
0.542886
0.548420
0.546246
0.544270
0.537946
0.537550
0.529843
0.539131
0.544072
0.539724
0.525495
0.532807
0.533993
0.519368
0.521147
0.528262
0.523519
0.519171
0.520554
0.530633
0.526285
0.530633
0.540712
0.542689
0.544270
0.555534
0.552965
0.562056
0.566602
0.572728
0.567590
0.572728
0.566799
0.569961
0.566009
0.574309
0.566206
0.570357
0.576285
0.567195
0.572333
0.569171
0.575890
0.557708
0.569171
0.566997
0.550594
0.567195
0.563242
0.563637
0.558499
0.562649
0.561661
0.568973
0.576483
0.566799
0.566206
0.566404
0.566206
0.554349
0.555534
0.562649
0.555139
0.554744
0.556918
0.563044
0.557708
0.548025
0.551779
0.551582
0.560278
0.550791
0.553558
0.558894
0.560080
0.561068
0.571542
0.562847
0.572531
0.560673
0.567195
0.571345
0.571345
0.579448
0.570159
0.576285
0.567195
0.572531
0.565811
0.573123
0.564823
0.568183
0.569171
0.568183
0.570949
0.565218
0.575890
0.573321
0.570159
0.576483
0.570159
0.575100
0.581424
0.595455
0.586167
0.579843
0.579448
0.567195
0.569961
0.573519
0.577274
0.576681
0.582807
0.571147
0.566206
0.571147
0.572531
0.568973
0.574704
0.569368
0.569566
0.576285
0.567985
0.568380
0.581029
0.577867
0.585574
0.579645
0.578855
0.580633
0.581029
0.571345
0.570949
0.571938
0.561859
0.559882
0.563242
0.563835
0.565614
0.567195
0.567985
0.549803
0.556325
0.558301
0.553953
0.551187
0.547827
0.554151
0.558697
0.550199
0.556918
0.558104
0.561859
0.571938
0.573914
0.576878
0.575495
0.591898
0.587748
0.582610
0.589724
0.593282
0.598025
0.597629
0.610870
0.595258
0.591108
0.589329
0.589329
0.587155
0.592491
0.595060
0.588934
0.593282
0.595258
0.603953
0.609092
0.608104
0.613440
0.617590
0.611266
0.608104
0.621345
0.621938
0.620357
0.613242
0.618776
0.616997
0.617195
0.620159
0.618183
0.611859
0.625693
0.610080
0.615416
0.611463
0.605930
0.608104
0.614823
0.609685
0.603163
0.596641
0.602175
0.599013
0.594467
0.595851
0.597827
0.600989
0.602768
0.605930
0.598618
0.604546
0.607708
0.615021
0.614823
0.626483
0.616602
0.618183
0.616404
0.621345
0.610278
0.616997
0.608301
0.618973
0.609487
0.622333
0.624112
0.622333
0.610475
0.618183
0.618380
0.615218
0.616997
0.604151
0.605337
0.607906
0.603953
0.605139
0.606127
0.605930
0.588538
0.584586
0.588538
0.594270
0.578657
0.589724
0.592293
0.588934
0.592096
0.586562
0.594270
0.586365
0.594072
0.590515
0.591503
0.593282
0.600989
0.582017
0.574309
0.592293
0.585376
0.586167
0.581424
0.596444
0.582017
0.583795
0.578459
0.577471
0.588341
0.595653
0.595653
0.597036
0.594467
0.595060
0.605139
0.610475
0.605732
0.599606
0.609487
0.604546
0.604349
0.614625
0.613440
0.613637
0.603756
0.605337
0.602570
0.607313
0.606325
0.597234
0.601384
0.600989
0.595258
0.603756
0.608697
0.600989
0.604942
0.603361
0.598025
0.597827
0.603361
0.594665
0.593874
0.583005
0.596246
0.589724
0.598420
0.599803
0.603163
0.595258
0.600791
0.603163
0.600199
0.605732
0.601977
0.603953
0.596641
0.598025
0.605535
0.603558
0.612254
0.627669
0.618973
0.612254
0.616997
0.618183
0.607511
0.611859
0.612056
0.597234
0.595060
0.601977
0.599408
0.596246
0.596839
0.593677
0.608301
0.602965
0.590712
0.596444
0.586365
0.580831
0.592689
0.595258
0.601384
0.598420
0.600001
0.594270
0.607511
0.602570
0.606918
0.605139
0.604349
0.587155
0.596246
0.601780
0.595455
0.591305
0.589922
0.596839
0.598815
0.588341
0.600396
0.600989
0.613044
0.612452
0.619961
0.609487
0.613637
0.601977
0.605535
0.603558
0.602175
0.600001
0.600199
0.603953
0.601977
0.599013
0.598222
0.601384
0.595653
0.593677
0.594665
0.588736
0.593282
0.588143
0.584388
0.584586
0.583202
0.575495
0.572531
0.572333
0.569171
0.569171
0.569764
0.571740
0.571542
0.570752
0.573321
0.570752
0.565021
0.567787
0.562451
0.554942
0.562649
0.559685
0.559092
0.551977
0.545060
0.560080
0.554744
0.544072
0.547036
0.546246
0.547432
0.544467
0.555337
0.545060
0.541700
0.545653
0.541700
0.544270
0.548617
0.537946
0.545455
0.547629
0.550396
0.543084
0.549013
0.548222
0.545060
0.553163
0.549803
0.547036
0.543677
0.552768
0.559882
0.551582
0.549013
0.546641
0.551384
0.553953
0.548815
0.554151
0.551187
0.554349
0.547629
0.563835
0.550791
0.565021
0.570554
0.564625
0.564230
0.574112
0.566799
0.559487
0.555534
0.563440
0.564625
0.566404
0.564625
0.558697
0.563835
0.545851
0.553558
0.558697
0.543479
0.548617
0.549408
0.546246
0.543281
0.549013
0.538934
0.538538
0.539131
0.540712
0.541108
0.540910
0.546641
0.531029
0.537155
0.545258
0.524902
0.544862
0.536760
0.537353
0.536562
0.529447
0.522135
0.531819
0.528064
0.523123
0.514625
0.529645
0.533400
0.522728
0.532017
0.527274
0.526088
0.517985
0.525297
0.524902
0.520357
0.539922
0.543479
0.541898
0.551582
0.557511
0.561266
0.571345
0.561859
0.574309
0.585179
0.569171
0.582412
0.586167
0.577669
0.584388
0.584784
0.575890
0.566206
0.573123
0.572531
0.566602
0.573914
0.569566
0.559487
0.565614
0.557906
0.548815
0.554349
0.554942
0.561661
0.551384
0.558697
0.559882
0.555139
0.563835
0.561661
0.547827
0.560870
0.554546
0.553361
0.555139
0.541305
0.545258
0.549013
0.546048
0.545851
0.553756
0.556720
0.560080
0.557511
0.559882
0.552570
0.560475
0.562451
0.558697
0.560080
0.555534
0.550396
0.557116
0.549408
0.556720
0.556325
0.554349
0.551779
0.553558
0.557906
0.551779
0.544467
0.549803
0.544270
0.544072
0.537155
0.544862
0.542491
0.545258
0.551779
0.550791
0.539329
0.546048
0.540712
0.546641
0.553163
0.556918
0.547234
0.537353
0.536760
0.538934
0.530831
0.535969
0.539724
0.533993
0.540910
0.542096
0.552372
0.548420
0.550594
0.547827
0.556325
0.548617
0.551582
0.550989
0.555337
0.556523
0.558499
0.554546
0.551384
0.537946
0.548420
0.551779
0.550989
0.548815
0.552570
0.563835
0.556127
0.553953
0.555139
0.560080
0.559882
0.567195
0.563242
0.562056
0.558104
0.572926
0.570949
0.567985
0.567392
0.577076
0.572135
0.569171
0.566206
0.555139
0.566206
0.559487
0.556918
0.566602
0.558499
0.561463
0.558301
0.565811
0.556918
0.557511
0.557116
0.570554
0.546246
0.560870
0.549606
0.556325
0.569171
0.558697
0.562847
0.567392
0.561463
0.564823
0.583400
0.590910
0.579645
0.576681
0.571345
0.579448
0.580831
0.595653
0.594270
0.587155
0.588341
0.590515
0.590119
0.580040
0.581226
0.581424
0.591305
0.601384
0.602768
0.598420
0.605535
0.607313
0.609685
0.605139
0.602372
0.613242
0.597827
0.606918
0.627867
0.615021
0.624112
0.630831
0.630040
0.624704
0.635376
0.623914
0.634981
0.632610
0.633203
0.629250
0.633598
0.633400
0.634981
0.633005
0.625495
0.633400
0.626681
0.623716
0.625890
0.620554
0.625100
0.623519
0.625297
0.618183
0.626483
0.622135
0.632017
0.632610
0.630040
0.624902
0.627471
0.614428
0.614625
0.613637
0.610475
0.611859
0.613835
0.611068
0.615811
0.604744
0.608301
0.618776
0.616997
0.607906
0.611661
0.606325
0.614823
0.601384
0.603953
0.599210
0.601384
0.596444
0.597432
0.591701
0.595060
0.593874
0.596048
0.589724
0.592689
0.585772
0.589724
0.588143
0.575297
0.583202
0.582017
0.577669
0.586365
0.569764
0.577274
0.570159
0.565614
0.566997
0.569566
0.569961
0.565811
0.568380
0.566206
0.563044
0.565614
0.558104
0.569368
0.562847
0.547234
0.549606
0.550791
0.554744
0.547629
0.551582
0.566009
0.555930
0.561068
0.564823
0.569961
0.566799
0.569961
0.566009
0.571147
0.569171
0.575693
0.577471
0.575100
0.575495
0.567195
0.565021
0.573321
0.569368
0.569566
0.570357
0.572728
0.572333
0.565811
0.568380
0.565811
0.550989
0.550989
0.553163
0.552175
0.555930
0.544072
0.560080
0.571938
0.566997
0.562254
0.556918
0.568578
0.562451
0.560278
0.567787
0.572333
0.573519
0.569961
0.586365
0.574309
0.580040
0.580436
0.575100
0.596444
0.584586
0.587748
0.573123
0.580633
0.579645
0.585376
0.579843
0.582610
0.584388
0.583598
0.573321
0.571345
0.569171
0.565021
0.571740
0.562847
0.566404
0.567590
0.563044
0.567787
0.563044
0.562451
0.561266
0.568380
0.572135
0.570159
0.567392
0.569171
0.566799
0.564033
0.563242
0.552768
0.556325
0.561661
0.563440
0.562056
0.556720
0.562451
0.555930
0.558104
