0.343657
0.347214
0.335752
0.344645
0.349585
0.350376
0.334369
0.345633
0.343261
0.340100
0.334962
0.352352
0.338123
0.344842
0.350178
0.343459
0.349980
0.350771
0.350771
0.357292
0.348400
0.352747
0.358676
0.359071
0.353538
0.349980
0.349585
0.360652
0.355119
0.343064
0.350178
0.352154
0.354723
0.350376
0.356502
0.358478
0.356699
0.352945
0.340100
0.340692
0.346028
0.352550
0.338914
0.347214
0.347609
0.344447
0.346819
0.344842
0.351759
0.353735
0.347214
0.344447
0.350969
0.351364
0.348597
0.340890
0.336345
0.336147
0.355909
0.338123
0.341285
0.342471
0.336740
0.351957
0.342273
0.345435
0.347807
0.339112
0.341878
0.350969
0.337531
0.341681
0.348400
0.334566
0.335357
0.348992
0.338321
0.339902
0.345238
0.337135
0.345040
0.337531
0.331404
0.330812
0.342273
0.342866
0.338716
0.337926
0.332590
0.331404
0.348004
0.333381
0.332985
0.338321
0.330614
0.326464
0.334566
0.327254
0.330219
0.327452
0.327254
0.323895
0.326859
0.330614
0.332985
0.328638
0.331404
0.327057
0.321721
0.334764
0.335554
0.329823
0.337135
0.327650
0.332788
0.339112
0.327452
0.324488
0.320140
0.329231
0.330614
0.315793
0.327254
0.332590
0.335950
0.336938
0.328638
0.335752
0.327650
0.328835
0.325278
0.335554
0.337333
0.315397
0.327847
0.327650
0.335752
0.334764
0.340890
0.331404
0.331602
0.339902
0.334171
0.333183
0.343261
0.335159
0.337926
0.332393
0.336740
0.326266
0.322709
0.317176
0.314409
0.334369
0.333183
0.328638
0.328045
0.333578
0.321919
0.332393
0.328440
0.322116
0.326266
0.326662
0.326069
0.334171
0.340692
0.317769
0.337531
0.333578
0.326266
0.338321
0.337926
0.329033
0.326464
0.314212
0.332788
0.332393
0.332590
0.322709
0.322907
0.320733
0.319350
0.322709
0.307493
0.313619
0.315002
0.310655
0.324093
0.319943
0.316188
0.315990
0.319547
0.316781
0.320338
0.318362
0.328638
0.328835
0.321919
0.327452
0.320931
0.314607
0.324093
0.321326
0.313421
0.320931
0.314805
0.322709
0.320931
0.322709
0.324290
0.330416
0.325081
0.326266
0.331404
0.328835
0.327452
0.329033
0.328243
0.323302
0.334369
0.324685
0.335357
0.336542
0.333183
0.329033
0.329231
0.324883
0.321919
0.335357
0.333183
0.326662
0.329823
0.326662
0.322314
0.332393
0.323697
0.321326
0.334369
0.335950
0.328045
0.317571
0.325674
0.310852
0.325081
0.313816
0.321721
0.320338
0.311643
0.311445
0.316583
0.319745
0.314212
0.320535
0.315595
0.308481
0.322314
0.316781
0.304924
0.318164
0.320733
0.315397
0.324685
0.318757
0.315595
0.313619
0.319547
0.321919
0.319152
0.319547
0.322116
0.313026
0.317769
0.314409
0.319152
0.309864
0.310259
0.312433
0.311050
0.311445
0.309469
0.317571
0.310457
0.313619
0.324685
0.310655
0.316583
0.314014
0.308283
0.321721
0.318757
0.316781
0.318757
0.312038
0.319547
0.319745
0.325674
0.323500
0.326069
0.316978
0.327057
0.318757
0.322709
0.316978
0.320931
0.322709
0.308086
0.324290
0.316188
0.307690
0.317966
0.319943
0.308481
0.325476
0.311050
0.313619
0.321721
0.320733
0.312433
0.332788
0.321524
0.318164
0.317769
0.314607
0.315595
0.314409
0.320535
0.321919
0.323500
0.313026
0.327057
0.327650
0.315793
0.315002
0.319350
0.312433
0.320931
0.322116
0.324290
0.326266
0.322907
0.322907
0.319152
0.330812
0.323105
0.318757
0.336938
0.316583
0.331602
0.328440
0.321919
0.325476
0.333776
0.319350
0.321919
0.324093
0.329033
0.323895
0.327254
0.316386
0.314409
0.311643
0.318164
0.312631
0.298205
0.309469
0.313421
0.299390
0.301564
0.299390
0.295438
0.302552
0.294252
0.294055
0.301169
0.295043
0.301762
0.301367
0.294450
0.296624
0.293462
0.303145
0.293264
0.290498
0.293659
0.309667
0.300576
0.297612
0.297414
0.305517
0.293857
0.303936
0.296821
0.300181
0.298402
0.289707
0.296031
0.305714
0.295438
0.300378
0.293857
0.296229
0.311247
0.309271
0.312236
0.311050
0.304528
0.305517
0.309074
0.305517
0.304528
0.302552
0.302157
0.298402
0.289114
0.296624
0.302157
0.309074
0.300774
0.300181
0.302157
0.298600
0.302552
0.302948
0.298600
0.295833
0.303738
0.291288
0.300181
0.298798
0.304924
0.300181
0.301169
0.289312
0.295833
0.293659
0.296031
0.304924
0.297809
0.300378
0.297809
0.294450
0.297809
0.291486
0.295833
0.298600
0.289114
0.302948
0.290300
0.288126
0.294450
0.287138
0.288324
0.286743
0.288719
0.282593
0.282395
0.296426
0.297019
0.300576
0.295043
0.300378
0.294845
0.295636
0.315990
0.297414
0.291288
0.298205
0.297414
0.299983
0.295636
0.303936
0.303738
0.308678
0.298798
0.304331
0.284767
0.302948
0.292671
0.292869
0.298798
0.291090
0.305121
0.293462
0.295636
0.300774
0.294252
0.291288
0.288324
0.293462
0.294252
0.290102
0.291486
0.300576
0.289312
0.288324
0.296031
0.302552
0.286348
0.299983
0.304331
0.302157
0.307888
0.307493
0.294648
0.298798
0.305319
0.302552
0.305121
0.310062
0.299983
0.305517
0.299193
0.291090
0.292869
0.300378
0.295043
0.308481
0.297217
0.297217
0.302552
0.297612
0.304133
0.301564
0.294450
0.294845
0.309074
0.293264
0.296229
0.301564
0.294252
0.301959
0.300576
0.295833
0.299983
0.292869
0.297809
0.295240
0.294252
0.292869
0.290300
0.290893
0.297217
0.296624
0.293067
0.289905
0.291683
0.284174
0.287533
0.295240
0.294055
0.293659
0.272514
0.285755
0.289905
0.295240
0.278838
0.291486
0.283581
0.291090
0.285360
0.285162
0.279036
0.279826
0.291288
0.285755
0.284371
0.288324
0.292869
0.297809
0.291881
0.285755
0.283779
0.286941
0.288521
0.276862
0.279629
0.281605
0.290300
0.282000
0.284569
0.280617
0.276072
0.280419
0.286348
0.275676
0.281012
0.271329
0.278443
0.276072
0.276269
0.280222
0.281012
0.269155
0.271526
0.276269
0.276862
0.276072
0.281407
0.274095
0.270143
0.277850
0.273898
0.273107
0.283976
0.277257
0.291486
0.273503
0.277455
0.274095
0.276072
0.292079
0.282395
0.279826
0.279431
0.278245
0.273107
0.272910
0.275874
0.293462
0.278641
0.273700
0.282988
0.283383
0.271724
0.275676
0.280814
0.278443
0.283779
0.279233
0.285162
0.279233
0.269748
0.284964
0.303540
0.278838
0.279036
0.274095
0.291288
0.287533
0.289707
0.277850
0.295240
0.277257
0.282791
0.278245
0.287138
0.285755
0.291881
0.280024
0.273898
0.271131
0.280222
0.270341
0.268562
0.277060
0.287533
0.282000
0.274886
0.283383
0.272119
0.284767
0.271329
0.278245
0.282198
0.274491
0.279826
0.280419
0.280222
0.284371
0.279826
0.292079
0.282198
0.281407
0.277850
0.295438
0.295043
0.286743
0.285162
0.287138
0.282593
0.278245
0.286545
0.290498
0.296624
0.279431
0.283976
0.287731
0.290102
0.289510
0.294055
0.278838
0.285755
0.286348
0.276862
0.281210
0.279233
0.278443
0.292869
0.282395
0.278838
0.288521
0.298205
0.288521
0.285162
0.283581
0.287533
0.290695
0.282988
0.277653
0.270341
0.283383
0.275281
0.274688
0.289707
0.287336
0.285360
0.275281
0.275874
0.270538
0.274491
0.273898
0.285557
0.277060
0.279036
0.278048
0.277060
0.274293
0.274886
0.270143
0.267969
0.280419
0.274095
0.287138
0.274688
0.285952
0.281012
0.286348
0.279036
0.274688
0.281407
0.282593
0.285162
0.273305
0.273700
0.272119
0.269550
0.278443
0.278443
0.278245
0.271724
0.269945
0.269945
0.272910
0.271526
0.269550
0.280024
0.271329
0.278838
0.272514
0.274293
0.273700
0.279629
0.270538
0.272514
0.273700
0.277653
0.269353
0.271329
0.275479
0.274491
0.277653
0.278838
0.272910
0.286941
0.272712
0.271526
0.265598
0.263029
0.278641
0.273700
0.276862
0.269353
0.271329
0.267179
0.259472
0.275281
0.259867
0.265598
0.268364
0.271922
0.266784
0.275874
0.251369
0.252950
0.259274
0.262831
0.267772
0.265795
0.263622
0.259472
0.262041
0.269353
0.259274
0.273305
0.260065
0.266191
0.265795
0.265795
0.265005
0.267376
0.265795
0.261843
0.265005
0.268562
0.256310
0.259076
0.270341
0.254729
0.252357
0.262041
0.258286
0.257100
0.260065
0.258484
0.276269
0.262634
0.251962
0.251962
0.255915
0.253148
0.262634
0.260460
0.250974
0.258681
0.254926
0.269353
0.271922
0.250184
0.248800
0.259867
0.257496
0.251962
0.258879
0.264610
0.253741
0.253938
0.261843
0.265400
0.262436
0.265005
0.268957
0.262831
0.264214
0.265993
0.278641
0.266388
0.271922
0.268760
0.267376
0.277455
0.276862
0.265993
0.270341
0.275479
0.256112
0.275676
0.264214
0.265400
0.273503
0.266388
0.265005
0.256705
0.276862
0.268167
0.270934
0.269155
0.266191
0.257298
0.264017
0.258681
0.265598
0.269945
0.264610
0.271526
0.265795
0.266191
0.265400
0.255915
0.265795
0.249788
0.251962
0.251172
0.255717
0.253148
0.250184
0.248603
0.255519
0.261448
0.256310
0.260855
0.262436
0.252555
0.254729
0.246627
0.256310
0.249393
0.250777
0.255322
0.252950
0.244650
0.266586
0.263226
0.261448
0.263029
0.263819
0.252555
0.253741
0.250777
0.248800
0.256507
0.262436
0.255322
0.256507
0.260262
0.260855
0.260657
0.261645
0.260065
0.255915
0.260262
0.256507
0.252950
0.256705
0.254729
0.252160
0.256903
0.248405
0.252555
0.258088
0.264017
0.247615
0.262436
0.256112
0.251172
0.250381
0.243267
0.247219
0.248603
0.252555
0.242872
0.248998
0.251567
0.253148
0.248603
0.252357
0.252160
0.261053
0.254531
0.247219
0.256705
0.261053
0.245638
0.253741
0.252753
0.257891
0.256705
0.249196
0.259274
0.248405
0.257496
0.254531
0.253148
0.247219
0.255124
0.250579
0.257693
0.251567
0.248405
0.257100
0.235165
0.253741
0.249393
0.261053
0.255519
0.249986
0.245638
0.251567
0.253346
0.252160
0.251567
0.247022
0.251962
0.259274
0.244058
0.267772
0.250184
0.250381
0.247417
0.252555
