0.464823
0.451384
0.465613
0.459882
0.448222
0.457115
0.453163
0.451779
0.458894
0.455534
0.453163
0.456918
0.467194
0.462847
0.464032
0.466602
0.470554
0.471345
0.472728
0.476878
0.466009
0.467194
0.468775
0.477273
0.471345
0.470159
0.465020
0.469961
0.464230
0.475100
0.474704
0.474111
0.479052
0.477866
0.467985
0.466404
0.460475
0.473519
0.467985
0.472926
0.475890
0.472728
0.480040
0.485574
0.485376
0.474111
0.481028
0.464428
0.476483
0.464032
0.466404
0.467787
0.467787
0.456522
0.453756
0.452372
0.450989
0.447432
0.451384
0.444862
0.446443
0.446641
0.448617
0.443677
0.443677
0.446443
0.447827
0.449408
0.450791
0.440119
0.445455
0.444665
0.451384
0.449605
0.436957
0.453756
0.450001
0.455337
0.456918
0.456522
0.453756
0.448024
0.452570
0.461266
0.450791
0.447629
0.449210
0.452372
0.448024
0.453558
0.462847
0.454151
0.460870
0.453360
0.453360
0.459092
0.457906
0.458103
0.459487
0.462056
0.457511
0.459882
0.468183
0.451186
0.464428
0.459882
0.461858
0.456918
0.462056
0.452965
0.452965
0.448617
0.453953
0.447234
0.448024
0.450001
0.451779
0.450198
0.447827
0.449013
0.454941
0.453558
0.450198
0.447629
0.446839
0.444467
0.452175
0.447629
0.445060
0.449013
0.454744
0.439922
0.444665
0.457115
0.442886
0.443874
0.444665
0.437748
0.430633
0.439131
0.437352
0.437945
0.447629
0.442491
0.446641
0.439724
0.451186
0.453756
0.449605
0.450989
0.459684
0.450791
0.447432
0.448024
0.446839
0.447036
0.445850
0.443874
0.441898
0.439526
0.442886
0.437155
0.440515
0.428459
0.435771
0.444072
0.439922
0.430831
0.427669
0.441503
0.437352
0.437155
0.430238
0.431226
0.432609
0.437352
0.432807
0.430435
0.442491
0.434981
0.433795
0.441503
0.441700
0.434981
0.434783
0.438341
0.439526
0.431226
0.434981
0.442096
0.427866
0.425692
0.449210
0.428657
0.438933
0.433202
0.431424
0.445653
0.442688
0.440317
0.442293
0.441898
0.438736
0.439724
0.440712
0.440910
0.441503
0.448222
0.440910
0.444072
0.445258
0.446839
0.443084
0.454941
0.443677
0.449803
0.450791
0.444862
0.446839
0.433400
0.440119
0.443084
0.446048
0.451384
0.452767
0.446641
0.442293
0.450001
0.438933
0.439526
0.441305
0.457511
0.432214
0.442886
0.435376
0.435574
0.441305
0.439329
0.437352
0.436760
0.438538
0.433202
0.434388
0.439922
0.425692
0.433795
0.434190
0.430633
0.424507
0.435574
0.437352
0.435771
0.437550
0.432609
0.436167
0.429052
0.437155
0.433005
0.441305
0.442293
0.435574
0.436364
0.428657
0.424309
0.432807
0.430238
0.426285
0.427076
0.426483
0.434783
0.420159
0.421740
0.433202
0.428657
0.432412
0.426483
0.440515
0.432016
0.426088
0.439329
0.426483
0.429250
0.427471
0.428064
0.436167
0.426285
0.427866
0.423321
0.422333
0.415020
0.417985
0.420752
0.422135
0.424704
0.417194
0.417590
0.419566
0.421937
0.414428
0.405929
0.415020
0.412056
0.417194
0.409487
0.410673
0.411661
0.414428
0.414032
0.419764
0.422926
0.425495
0.410080
0.420356
0.416601
0.423518
0.429645
0.424507
0.414428
0.416799
0.425692
0.417392
0.419368
0.417787
0.412649
0.407511
0.410080
0.410673
0.412846
0.409684
0.407511
0.406325
0.403360
0.410277
0.412846
0.415811
0.412846
0.417392
0.411463
0.402767
0.401384
0.400198
0.409487
0.391898
0.399803
0.399012
0.405929
0.402965
0.400001
0.403953
0.400396
0.403756
0.410475
0.421740
0.405139
0.410277
0.409684
0.396048
0.393677
0.400396
0.395850
0.395653
0.402175
0.396839
0.384981
0.396048
0.394467
0.390910
0.398420
0.396641
0.403360
0.402175
0.402570
0.407906
0.402570
0.404348
0.415416
0.418578
0.422135
0.415218
0.423518
0.404348
0.415811
0.401186
0.401582
0.398222
0.408894
0.407708
0.408103
0.400198
0.403163
0.398815
0.395653
0.399605
0.402965
0.403756
0.401384
0.406522
0.397629
0.409092
0.403953
0.398617
0.414823
0.413242
0.413242
0.404941
0.402175
0.411265
0.405139
0.403953
0.407511
0.412451
0.408696
0.401582
0.395258
0.400001
0.394862
0.399210
0.395060
0.405337
0.395455
0.395455
0.403163
0.401186
0.394269
0.403953
0.401186
0.401977
0.403953
0.394072
0.398024
0.397234
0.382609
0.392491
0.396048
0.388736
0.388736
0.391107
0.392491
0.389329
0.385574
0.389922
0.382016
0.388933
0.387748
0.388736
0.380831
0.384586
0.383597
0.389724
0.396839
0.387945
0.404151
0.397431
0.390514
0.396246
0.390712
0.383993
0.385969
0.391305
0.385771
0.381226
0.378261
0.382609
0.379447
0.387550
0.379250
0.375890
0.395060
0.385178
0.398617
0.396641
0.398024
0.397036
0.394665
0.402175
0.395455
0.398420
0.406918
0.395850
0.401779
0.394665
0.392688
0.397036
0.395455
0.389131
0.389131
0.390514
0.397827
0.388143
0.396839
0.391700
0.396641
0.398617
0.401779
0.390910
0.404151
0.392293
0.385178
0.394072
0.395850
0.389526
0.395653
0.392688
0.386957
0.395653
0.392886
0.391898
0.392491
0.384388
0.389329
0.382016
0.387155
0.384586
0.389131
0.392095
0.383005
0.394072
0.387155
0.389329
0.389922
0.383597
0.392688
0.392293
0.381621
0.389131
0.389724
0.386364
0.396839
0.391898
0.388538
0.389131
0.387155
0.390910
0.387945
0.389131
0.385574
0.393874
0.379447
0.387352
0.386167
0.378854
0.390910
0.384981
0.383005
0.389922
0.383202
0.382016
0.394269
0.381226
0.389724
0.387155
0.388341
0.385574
0.391503
0.387748
0.392095
0.390910
0.386759
0.385178
0.385574
0.391107
0.389922
0.388143
0.390317
0.390514
0.383400
0.388143
0.386167
0.386759
0.384783
0.383202
0.380238
0.377866
0.376483
0.381819
0.387748
0.385574
0.391503
0.387748
0.395060
0.391305
0.391503
0.387945
0.393479
0.394862
0.391305
0.387352
0.394665
0.392886
0.376878
0.395850
0.386759
0.387945
0.385178
0.386759
0.391305
0.386167
0.394269
0.384783
0.384981
0.375099
0.382609
0.382609
0.372135
0.372728
0.378459
0.379645
0.374111
0.376680
0.372925
0.366799
0.377076
0.375692
0.372333
0.368775
0.368578
0.382412
0.373518
0.372530
0.368182
0.359091
0.371147
0.374309
0.371542
0.376483
0.373716
0.382807
0.373123
0.379447
0.382412
0.379052
0.380040
0.373716
0.375099
0.378261
0.373321
0.379052
0.370356
0.369763
0.367392
0.367787
0.372925
0.370752
0.365416
0.371740
0.369961
0.375099
0.377076
0.358696
0.360277
0.376483
0.372728
0.374902
0.367392
0.369763
0.373321
0.378459
0.369566
0.372925
0.370554
0.370949
0.372728
0.373123
0.371147
0.370752
0.366404
0.371147
0.376680
0.372728
0.369368
0.366404
0.370356
0.360870
0.364625
0.366008
0.362649
0.364032
0.373716
0.366206
0.369763
0.361858
0.369368
0.370356
0.370159
0.368973
0.372135
0.368182
0.363439
0.365020
0.357313
0.365020
0.365613
0.361068
0.361068
0.365811
0.372135
0.360475
0.359487
0.362451
0.362451
0.362451
0.363242
0.362649
0.367589
0.357906
0.357510
0.357313
0.354941
0.367787
0.359882
0.355732
0.365020
0.365020
0.362649
0.375495
0.352174
0.359091
0.368578
0.365218
0.364625
0.368182
0.361661
0.374309
0.359684
0.361858
0.370554
0.364823
0.358103
0.364427
0.364823
0.365811
0.364032
0.364032
0.363439
0.367194
0.370554
0.362649
0.372728
0.359289
0.362846
0.370949
0.362649
0.369368
0.364625
0.362649
0.364625
0.365218
0.366008
0.357906
0.352965
0.351582
0.355139
0.357906
0.352570
0.357906
0.350001
0.350396
0.352174
0.345653
0.351582
0.356720
0.354151
0.346048
0.353953
0.350989
0.357708
0.354151
0.350989
0.359487
0.356720
0.350989
0.355139
0.354744
0.354744
0.360475
0.362846
0.361463
0.362254
0.353360
0.353558
0.361661
0.357313
0.352570
0.355732
0.353360
0.350396
0.351384
0.351384
0.355336
0.352767
0.345455
0.352174
0.346443
0.345257
0.348420
0.344269
0.344467
0.336957
0.349408
0.342491
0.345850
0.340712
0.350989
0.343281
0.348420
0.350198
0.331819
0.347827
0.340317
0.342886
0.358894
0.346641
0.343479
0.354348
0.353953
0.345257
0.342293
0.340712
0.343676
0.342886
0.355534
0.348222
0.350989
0.348617
0.349803
0.347827
0.354744
0.350001
0.346641
0.343084
0.349408
0.342886
0.346641
0.338538
0.342886
0.341502
0.336167
0.347629
0.330633
0.346048
0.347431
0.338736
0.339526
0.351582
0.351977
0.350396
0.345653
0.350198
0.341898
0.356720
0.350791
0.343084
0.344269
0.338538
0.346048
0.348222
0.344665
0.340910
0.338736
0.334585
0.339921
0.335574
0.346443
0.343281
0.336364
0.340317
0.333795
0.332412
0.332412
0.324506
0.332016
0.324506
0.326680
0.325692
0.326285
0.320751
0.314230
0.323716
0.324506
0.338538
0.319566
0.333400
0.327866
0.333202
0.329842
0.342293
0.341502
0.344862
0.338340
0.336562
0.340712
0.335771
0.333202
0.342886
0.354744
0.345455
0.335178
0.349803
0.340119
0.344467
0.348617
0.350001
0.344269
0.350198
0.341898
0.342095
0.351582
0.342293
0.348222
0.350989
0.339526
0.343479
0.349210
0.337550
0.344862
0.344665
0.349012
0.343479
0.342491
0.335376
0.340910
0.343281
0.341700
0.345455
0.339329
0.342688
0.342491
0.343676
0.346641
0.335771
0.341107
0.344467
0.349605
0.346246
0.337352
0.345060
0.338143
0.340712
0.334388
0.341107
0.339131
0.338933
0.343676
0.333400
0.333202
0.338340
0.331621
0.333400
0.337550
0.335376
0.335178
0.333004
0.335574
0.323321
0.328854
0.329645
0.323123
0.322530
0.330238
0.324111
0.320159
0.326087
0.324704
0.321147
0.330831
0.317985
0.331621
0.323716
0.329052
0.334783
0.329645
0.333400
0.328064
0.328261
0.331819
0.333993
0.325495
0.331028
0.325099
0.328459
0.332214
0.326680
0.326680
0.338340
0.331028
0.322135
0.318973
0.326483
0.324309
0.323518
0.329250
0.325890
0.326087
0.324506
0.324704
0.331621
0.333400
0.322333
0.329250
0.326087
