0.632807
0.643677
0.631622
0.629843
0.632610
0.627669
0.636562
0.624507
0.641503
0.651187
0.635574
0.641305
0.638341
0.625890
0.623716
0.633005
0.639922
0.640515
0.646246
0.639131
0.645455
0.642096
0.632610
0.635179
0.638934
0.632807
0.630436
0.629052
0.631424
0.631029
0.626878
0.632610
0.617787
0.617985
0.627274
0.611463
0.616404
0.613440
0.614230
0.610080
0.600594
0.600199
0.610870
0.607906
0.608499
0.603558
0.617195
0.601977
0.607313
0.610080
0.608697
0.604151
0.604546
0.612254
0.616206
0.603953
0.597629
0.594270
0.606127
0.610870
0.611068
0.601384
0.611661
0.618380
0.617590
0.619961
0.610475
0.621542
0.619369
0.615416
0.618183
0.620159
0.610278
0.602965
0.617985
0.609685
0.609289
0.598025
0.611661
0.604546
0.613835
0.612254
0.606127
0.614033
0.606918
0.600396
0.610278
0.600594
0.598618
0.601384
0.601780
0.610870
0.612056
0.599803
0.616799
0.596839
0.583202
0.593874
0.590119
0.584784
0.590317
0.573123
0.574309
0.584784
0.577471
0.586957
0.581819
0.579448
0.584388
0.591108
0.593282
0.600594
0.595851
0.604151
0.597827
0.596641
0.607511
0.610475
0.604349
0.604349
0.603756
0.611463
0.594863
0.608499
0.608104
0.605930
0.599408
0.600199
0.597234
0.602965
0.597036
0.602768
0.614033
0.600199
0.597827
0.609092
0.601780
0.605337
0.602570
0.588736
0.596048
0.591898
0.597827
0.606523
0.607906
0.606325
0.606127
0.607116
0.606918
0.615416
0.634784
0.620752
0.623914
0.631424
0.627669
0.635969
0.624507
0.624112
0.632017
0.626286
0.622728
0.627669
0.633203
0.636562
0.640317
0.633203
0.641898
0.644270
0.643677
0.643479
0.652768
0.652965
0.668973
0.667195
0.660673
0.669961
0.674309
0.676286
0.680831
0.676878
0.688736
0.681029
0.698025
0.690120
0.695851
0.691701
0.693875
0.681424
0.678460
0.676286
0.675100
0.681622
0.678262
0.680238
0.676286
0.682807
0.682214
0.670950
0.675100
0.670159
0.663440
0.648815
0.665811
0.653163
0.656918
0.656918
0.659685
0.668973
0.662649
0.657906
0.662056
0.665218
0.660673
0.653558
0.651977
0.648222
0.646839
0.648420
0.652570
0.665218
0.654151
0.649210
0.652965
0.657709
0.647432
0.654744
0.651582
0.661068
0.652373
0.664230
0.675693
0.668973
0.673321
0.674507
0.670752
0.681622
0.679052
0.668776
0.690712
0.677669
0.678855
0.674507
0.675495
0.673321
0.675495
0.666207
0.678855
0.669961
0.664823
0.663637
0.666997
0.659882
0.663242
0.652768
0.658499
0.655732
0.652373
0.645851
0.663637
0.660871
0.658697
0.657116
0.664625
0.663044
0.672926
0.654942
0.657906
0.655535
0.662649
0.663835
0.655732
0.650396
0.654349
0.657313
0.658104
0.654349
0.656325
0.645653
0.645851
0.647234
0.639724
0.644467
0.643677
0.634388
0.640910
0.646444
0.649803
0.643677
0.646246
0.645653
0.645258
0.649803
0.645653
0.659092
0.649606
0.650594
0.650792
0.641701
0.643282
0.641305
0.651187
0.656127
0.653558
0.653954
0.648618
0.651780
0.647234
0.643282
0.655930
0.645653
0.639922
0.647827
0.644270
0.634586
0.639922
0.624902
0.626681
0.635772
0.635969
0.639724
0.634981
0.634388
0.627076
0.631029
0.628262
0.631029
0.633598
0.637550
0.632017
0.627867
0.618973
0.622135
0.630238
0.624902
0.629250
0.621345
0.633203
0.637748
0.624112
0.626286
0.636365
0.637353
0.637155
0.637748
0.631819
0.626286
0.623914
0.613242
0.616997
0.607708
0.614428
0.597629
0.592293
0.598618
0.599210
0.591701
0.580633
0.592491
0.597432
0.600001
0.590910
0.603163
0.594270
0.593084
0.601187
0.589922
0.598222
0.589131
0.587353
0.588736
0.586167
0.574309
0.577867
0.586760
0.590515
0.589922
0.577669
0.592096
0.586957
0.589329
0.586365
0.591898
0.594863
0.595455
0.593677
0.598420
0.594467
0.599803
0.597629
0.590515
0.588538
0.603163
0.597432
0.596839
0.604546
0.596641
0.614428
0.595851
0.607116
0.611859
0.618776
0.600396
0.606720
0.605139
0.619566
0.616997
0.615416
0.613835
0.619369
0.603756
0.618578
0.611661
0.621740
0.610870
0.610475
0.611859
0.611463
0.601384
0.594270
0.605535
0.601582
0.594863
0.604942
0.599803
0.596641
0.593479
0.599408
0.604151
0.608499
0.590712
0.595258
0.589527
0.599013
0.591503
0.593479
0.594665
0.589724
0.586957
0.592886
0.589329
0.579645
0.586957
0.584191
0.576088
0.557313
0.574112
0.564230
0.559092
0.553953
0.566799
0.560278
0.555930
0.565021
0.548222
0.559289
0.556325
0.567195
0.563835
0.558301
0.574309
0.567787
0.575890
0.583400
0.581226
0.576681
0.571740
0.578657
0.569764
0.582214
0.572135
0.571740
0.579448
0.577669
0.569961
0.579052
0.576878
0.566997
0.573716
0.572333
0.563835
0.578262
0.566602
0.556523
0.569961
0.561463
0.564033
0.561859
0.563637
0.575100
0.574902
0.566009
0.583993
0.577867
0.569171
0.584586
0.579645
0.577076
0.565811
0.562451
0.567392
0.574507
0.557313
0.560080
0.562254
0.564033
0.558697
0.557313
0.554546
0.566009
0.563044
0.559092
0.562649
0.557906
0.555930
0.554546
0.557708
0.554744
0.564428
0.554744
0.558104
0.568973
0.565021
0.562056
0.567392
0.559289
0.568578
0.572531
0.565218
0.559685
0.568776
0.567590
0.570159
0.560080
0.566009
0.572135
0.571938
0.574112
0.581621
0.581424
0.583202
0.583400
0.577867
0.578459
0.584586
0.579843
0.570554
0.574704
0.577076
0.573914
0.577076
0.577076
0.568973
0.565811
0.562451
0.564625
0.572333
0.566206
0.565021
0.565614
0.565614
0.562847
0.563637
0.559092
0.571345
0.559685
0.569764
0.569961
0.569961
0.579843
0.571740
0.563440
0.568776
0.566404
0.571147
0.580436
0.573519
0.584191
0.577274
0.582412
0.583598
0.576681
0.582610
0.577471
0.574704
0.569368
0.574507
0.568973
0.555732
0.557116
0.564625
0.559487
0.565218
0.561661
0.564033
0.561463
0.563242
0.566206
0.562847
0.569171
0.552768
0.566602
0.561068
0.562254
0.556918
0.563242
0.549013
0.545060
0.547432
0.541898
0.544270
0.539527
0.544862
0.540515
0.544270
0.544665
0.537353
0.538143
0.537155
0.535969
0.540317
0.536364
0.539527
0.529052
0.532214
0.528657
0.524507
0.537353
0.529645
0.532017
0.531226
0.540515
0.531424
0.535179
0.540515
0.530436
0.543281
0.546048
0.532412
0.550001
0.553558
0.557116
0.549803
0.551582
0.562056
0.549408
0.564428
0.563835
0.554744
0.558499
0.552570
0.553163
0.551977
0.553558
0.551582
0.558104
0.558697
0.552372
0.563637
0.547432
0.554744
0.559289
0.557708
0.551582
0.557116
0.555534
0.554349
0.541503
0.538538
0.546839
0.535969
0.538736
0.543874
0.537748
0.535772
0.545455
0.538934
0.533202
0.541898
0.539131
0.527866
0.518775
0.520949
0.522530
0.514032
0.510673
0.516404
0.518380
0.523716
0.512056
0.518578
0.516799
0.518183
0.508499
0.507115
0.506720
0.512649
0.510673
0.513242
0.495258
0.509092
0.509092
0.514625
0.515021
0.508301
0.509092
0.508894
0.513440
0.498617
0.509487
0.506918
0.517590
0.504546
0.512451
0.509092
0.513242
0.502372
0.501582
0.502965
0.507511
0.502372
0.501582
0.508696
0.501977
0.499803
0.508499
0.493281
0.500791
0.504942
0.504942
0.507313
0.507115
0.504151
0.516602
0.510870
0.509487
0.510475
0.513242
0.496048
0.504744
0.498420
0.517590
0.510673
0.511859
0.507906
0.513835
0.509289
0.519171
0.510673
0.518775
0.512056
0.527274
0.519566
0.523321
0.517985
0.521345
0.509882
0.513835
0.508894
0.497629
0.511068
0.503953
0.509487
0.512649
0.507511
0.507906
0.507906
0.512649
0.519171
0.510673
0.503558
0.506720
0.503953
0.503953
0.501779
0.505732
0.494072
0.494467
0.496839
0.495851
0.499606
0.512254
0.506325
0.506918
0.495060
0.490119
0.506522
0.505732
0.512847
0.507708
0.503163
0.504546
0.504744
0.504349
0.511661
0.501977
0.510080
0.491700
0.494665
0.500594
0.501384
0.496048
0.501384
0.504546
0.501384
0.491107
0.493281
0.502175
0.496641
0.502570
0.500198
0.498222
0.511068
0.503360
0.500791
0.482609
0.496443
0.495653
0.490317
0.482214
0.489526
0.491305
0.495653
0.476285
0.495060
0.483400
0.492293
0.491700
0.482017
0.492491
0.490712
0.490910
0.492886
0.483598
0.501977
0.505930
0.495653
0.502570
0.495653
0.491305
0.489329
0.494467
0.502372
0.496246
0.499408
0.503360
0.498617
0.506720
0.495851
0.493874
0.501384
0.517590
0.516404
0.507708
0.507708
0.511463
0.511266
0.497036
0.512451
0.503360
0.506522
0.496839
0.502175
0.489131
0.490910
0.486760
0.486760
0.491503
0.488143
0.495258
0.493281
0.484783
0.493479
0.483993
0.489526
0.475495
0.479052
0.482214
0.479250
0.479447
0.494862
0.494665
0.498617
0.492096
0.488341
0.497432
0.491305
0.487748
0.493479
0.474902
0.480633
0.489724
0.479645
0.483202
0.479843
0.491503
0.491107
0.490317
0.489724
0.486562
0.489131
0.483202
0.495455
0.483202
0.488538
0.489131
0.494270
0.494467
0.494072
0.485771
0.499408
0.485179
0.483993
0.483993
0.483795
0.487945
0.499013
0.491700
0.496641
0.489922
0.487945
0.500594
0.485771
0.494072
0.494270
0.494270
0.487353
0.493084
0.485574
0.477273
0.483400
0.491305
0.493084
0.496048
0.486760
0.479645
0.489526
0.483795
0.480040
0.487155
0.482017
0.485376
0.488143
0.486957
0.485179
0.487550
0.485376
0.489131
0.489131
0.484388
0.485574
0.489526
0.474111
0.481819
0.487550
0.473716
0.471345
0.481424
0.481028
0.477273
0.470159
0.466404
0.475692
0.468775
0.464230
0.466206
0.466799
0.467392
0.466799
0.468775
0.472333
0.462056
0.468578
0.466602
0.466799
0.472926
0.468183
0.464230
0.461068
0.464230
0.471345
0.464032
0.468578
0.456918
0.452767
0.468183
0.463242
0.462649
0.468775
0.469566
0.476088
0.473914
0.470356
0.475495
0.472926
0.477866
0.477471
0.479250
0.474507
0.481621
0.479447
