0.334190
0.333597
0.334783
0.341898
0.329250
0.331621
0.340317
0.331621
0.329052
0.320159
0.327471
0.319763
0.325890
0.324902
0.325297
0.324506
0.332016
0.317985
0.313834
0.329052
0.309091
0.322530
0.320751
0.324309
0.321937
0.331226
0.324704
0.327866
0.318578
0.321937
0.325890
0.334585
0.315416
0.324111
0.323123
0.333202
0.326878
0.329842
0.322135
0.326087
0.320751
0.324111
0.314427
0.329842
0.318182
0.326285
0.325890
0.326878
0.318775
0.322530
0.324506
0.323914
0.321344
0.322135
0.330435
0.331621
0.330040
0.319566
0.332609
0.323123
0.324309
0.320554
0.319763
0.319961
0.319368
0.314823
0.322333
0.320751
0.318182
0.314823
0.324704
0.316008
0.317589
0.319368
0.314230
0.320159
0.315811
0.323914
0.313834
0.320949
0.320949
0.302570
0.326483
0.316008
0.314823
0.309487
0.319961
0.314625
0.322333
0.323518
0.322333
0.320356
0.323914
0.320159
0.321344
0.325890
0.319566
0.332214
0.318380
0.320159
0.318578
0.316008
0.315811
0.316997
0.317589
0.319368
0.307115
0.323123
0.309487
0.305336
0.324506
0.316404
0.324704
0.317787
0.327471
0.316206
0.313834
0.317589
0.315811
0.322925
0.326087
0.313834
0.310672
0.311068
0.308301
0.312649
0.320949
0.309684
0.308696
0.308498
0.310672
0.310870
0.321344
0.299012
0.311858
0.311068
0.312451
0.314427
0.304744
0.307708
0.309091
0.315811
0.306720
0.310475
0.308498
0.316799
0.309091
0.304941
0.313834
0.311661
0.318578
0.321542
0.311463
0.308498
0.314230
0.315811
0.299803
0.308103
0.311858
0.308103
0.301186
0.309091
0.314032
0.305929
0.303360
0.304151
0.307313
0.310672
0.306522
0.309487
0.305336
0.307906
0.305732
0.310672
0.304744
0.304744
0.301977
0.310870
0.309684
0.307708
0.306917
0.302767
0.301384
0.297431
0.306522
0.306522
0.307708
0.304546
0.322135
0.301384
0.302965
0.305139
0.310080
0.303755
0.302767
0.303953
0.309487
0.304348
0.308498
0.300396
0.297827
0.306720
0.302570
0.305139
0.305139
0.307708
0.297431
0.301582
0.304744
0.298222
0.300791
0.295060
0.296048
0.295455
0.293281
0.283400
0.280435
0.289329
0.294664
0.300000
0.289329
0.291107
0.296048
0.293676
0.293874
0.292095
0.293676
0.292886
0.295455
0.290712
0.284783
0.296641
0.294269
0.287747
0.293083
0.293874
0.289329
0.284388
0.289921
0.287352
0.280040
0.277668
0.280238
0.285771
0.286166
0.285376
0.278657
0.295653
0.282214
0.286957
0.294862
0.282214
0.290910
0.290317
0.283597
0.287945
0.288340
0.290514
0.288340
0.284585
0.281819
0.294467
0.298222
0.300791
0.292095
0.294269
0.296838
0.297431
0.299605
0.296443
0.294072
0.301779
0.293083
0.291305
0.298024
0.289526
0.292886
0.294664
0.302767
0.295060
0.295455
0.298024
0.288143
0.293676
0.290514
0.297036
0.298617
0.286562
0.293676
0.296443
0.291305
0.294467
0.293479
0.288736
0.287155
0.285771
0.295850
0.285178
0.292886
0.294862
0.286562
0.303360
0.290317
0.291305
0.289329
0.292491
0.287945
0.298617
0.292095
0.297431
0.301582
0.290317
0.288933
0.294862
0.305732
0.304941
0.302767
0.288736
0.300396
0.300989
0.299210
0.304546
0.304348
0.300791
0.299408
0.301186
0.296838
0.305336
0.301384
0.300593
0.299408
0.297827
0.295455
0.307708
0.300396
0.294269
0.298617
0.291700
0.297629
0.296641
0.300198
0.294269
0.290119
0.297827
0.294072
0.299210
0.299408
0.298617
0.298419
0.297431
0.301582
0.278854
0.295060
0.290119
0.292293
0.296048
0.294467
0.297431
0.291898
0.298419
0.292491
0.297036
0.298815
0.292491
0.295257
0.298222
0.287945
0.298617
0.288143
0.284981
0.293676
0.293874
0.289329
0.288143
0.293281
0.293281
0.296443
0.294467
0.297036
0.284190
0.297234
0.293083
0.303558
0.287747
0.296443
0.295060
0.293676
0.290910
0.293874
0.295653
0.287352
0.289329
0.287352
0.284388
0.293281
0.283004
0.282807
0.279645
0.288736
0.278854
0.280238
0.286364
0.280435
0.283400
0.286957
0.285376
0.283202
0.288538
0.285969
0.289724
0.286759
0.287550
0.289526
0.286759
0.281819
0.283597
0.285969
0.282609
0.289921
0.281423
0.291305
0.289921
0.284783
0.280830
0.298024
0.277076
0.279249
0.288143
0.283597
0.279052
0.278854
0.276878
0.280238
0.292293
0.280238
0.283004
0.277866
0.276483
0.280040
0.281028
0.274704
0.283004
0.274506
0.276680
0.279842
0.282609
0.276878
0.278459
0.284981
0.278854
0.282411
0.271937
0.274704
0.281621
0.276285
0.281819
0.284981
0.283400
0.275297
0.283202
0.283400
0.281423
0.282411
0.282016
0.289921
0.290712
0.283993
0.285376
0.277866
0.293676
0.277866
0.286562
0.285178
0.278064
0.282016
0.278261
0.285771
0.277471
0.280633
0.270554
0.278261
0.275099
0.276483
0.283597
0.279842
0.284190
0.271740
0.276087
0.270554
0.269368
0.273518
0.278854
0.288933
0.281028
0.274506
0.280633
0.291898
0.278064
0.279842
0.282016
0.279842
0.278064
0.290119
0.282807
0.277076
0.278657
0.283993
0.284981
0.292491
0.280830
0.273716
0.293281
0.289329
0.286562
0.283597
0.278064
0.287155
0.284388
0.282807
0.272925
0.279645
0.283597
0.284783
0.288736
0.286166
0.283202
0.278657
0.272728
0.277866
0.281621
0.275297
0.283795
0.284585
0.274111
0.280238
0.288933
0.276878
0.279052
0.268182
0.277471
0.284981
0.278854
0.270356
0.281819
0.279249
0.279842
0.273123
0.271542
0.264823
0.270751
0.278459
0.269170
0.271542
0.273913
0.271542
0.278261
0.273123
0.269170
0.269763
0.265020
0.270949
0.267985
0.264823
0.266996
0.272135
0.271147
0.269566
0.262253
0.267194
0.255139
0.266601
0.266404
0.265415
0.260870
0.263439
0.263637
0.262846
0.261068
0.256522
0.261660
0.273321
0.259882
0.269170
0.276878
0.272332
0.276285
0.250000
0.272332
0.276878
0.266404
0.274902
0.273123
0.270159
0.267392
0.269566
0.260277
0.266996
0.270554
0.274704
0.264625
0.267787
0.272530
0.262846
0.264032
0.271542
0.270356
0.272530
0.273518
0.269566
0.273123
0.272530
0.265218
0.275297
0.258696
0.266601
0.267589
0.264427
0.266799
0.273913
0.266996
0.261660
0.273913
0.261068
0.263637
0.271542
0.265811
0.262253
0.267589
0.264032
0.262056
0.259487
0.264230
0.263637
0.265415
0.269961
0.264032
0.257510
0.262253
0.265811
0.267194
0.267589
0.276878
0.267194
0.264823
0.263637
0.266601
0.270554
0.268577
0.264625
0.265218
0.269763
0.265218
0.267194
0.261660
0.270159
0.260870
0.265811
0.262253
0.261068
0.268775
0.269763
0.278854
0.264427
0.266404
0.266799
0.266799
0.263439
0.266404
0.270554
0.260870
0.267985
0.265613
0.267194
0.263439
0.260870
0.267589
0.270356
0.258894
0.261660
0.259289
0.260475
0.256325
0.254743
0.259091
0.266404
0.258696
0.257906
0.263044
0.259487
0.268182
0.266799
0.269763
0.255929
0.261463
0.264427
0.253755
0.267985
0.260870
0.259882
0.255534
0.254348
0.256325
0.257906
0.256917
0.254743
0.255336
0.252570
0.256917
0.261858
0.253953
0.252767
0.254546
0.249210
0.249803
0.255534
0.252372
0.259091
0.263044
0.256917
0.260079
0.254546
0.259289
0.254743
0.262451
0.265811
0.259091
0.262451
0.264230
0.261858
0.266996
0.264032
0.261858
0.269170
0.261660
0.259487
0.262056
0.266799
0.268380
0.269368
0.265613
0.265811
0.270949
0.258894
0.262253
0.262649
0.261463
0.266601
0.265811
0.265020
0.261660
0.274111
0.262649
0.266601
0.261463
0.270949
0.261660
0.271542
0.259091
0.268182
0.263439
0.267787
0.260870
0.263044
0.267589
0.263044
0.264625
0.269170
0.260672
0.261463
0.264032
0.264032
0.255336
0.257115
0.258103
0.260475
0.256522
0.260079
0.260079
0.263834
0.265020
0.261858
0.261068
0.256325
0.263637
0.262451
0.255929
0.258498
0.262253
0.253162
0.264032
0.265415
0.260277
0.252174
0.259487
0.262056
0.253953
0.262253
0.259882
0.259487
0.264823
0.262451
0.254546
0.257510
0.256325
0.252174
0.264625
0.261858
0.252965
0.263637
0.246245
0.250198
0.252372
0.254348
0.255534
0.249605
0.244467
0.260277
0.257906
0.241305
0.254151
0.245653
0.249803
0.250396
0.249012
0.252965
0.249605
0.245455
0.253755
0.248419
0.245257
0.253360
0.255732
0.256325
0.254941
0.255139
0.260079
0.247234
0.255929
0.251186
0.243676
0.247826
0.255929
0.249210
0.244467
0.250000
0.255929
0.256127
0.245653
0.248222
0.246245
0.251581
0.258103
0.250396
0.250791
0.245455
0.242293
0.250593
0.246641
0.240119
0.254348
0.240119
0.245850
0.238538
0.250593
0.244862
0.241502
0.250000
0.245455
0.250198
0.243083
0.250989
0.252767
0.255732
0.251384
0.253360
0.255336
0.250000
0.248419
0.259487
0.252767
0.251977
0.257510
0.242886
0.251977
0.252570
0.247431
0.250593
0.247826
0.250198
0.248222
0.245060
0.247826
0.243479
0.254941
0.245850
0.252372
0.252372
0.251779
0.257708
0.260079
0.257313
0.258894
0.249210
0.258103
0.261660
0.257510
0.259882
0.255732
0.245850
0.257510
0.260672
0.255534
0.254151
0.261858
0.256522
0.258103
0.253953
0.259882
0.257313
0.254151
0.252174
0.254151
0.253558
0.247629
0.255929
0.247431
0.258498
0.249407
0.260079
0.242293
0.253558
0.255732
0.248617
0.249012
0.259487
0.258696
0.257313
0.259091
0.255732
0.250989
0.255534
0.245653
0.252570
0.248024
0.252570
0.249012
0.243874
0.251581
0.242886
0.255336
0.386957
0.323123
0.357510
0.340317
0.357906
0.325297
0.317589
0.346246
0.333202
0.319368
0.334190
0.363835
0.333795
0.345455
0.353360
0.342095
0.344862
0.361661
0.343676
0.363044
0.356325
0.317589
0.365416
0.339131
0.333795
0.339329
0.327273
0.340317
0.334585
0.339526
0.309091
0.351779
0.347827
0.353953
0.339131
0.324309
0.322135
0.318380
0.345455
0.336364
0.345257
0.357115
0.340712
0.326483
0.355732
0.333597
0.344665
0.353163
0.318380
0.367194
