21.28 20.960173 22.192377
21.32 21.803135 20.961346
22.54 23.150803 22.785522
23.5 23.145901 23.627371
24.75 24.763334 23.946756
25.85 27.473261 25.794666
26.9 27.538746 27.088186
29.45 29.139843 29.589275
31.2 30.341972 33.227222
34.75 35.515244 34.448112
36.75 35.956367 35.937714
38.2 36.436077 37.906326
39.25 38.710590 38.832146
41.65 40.774979 40.984093
42.45 41.874722 42.348038
43.32 43.238346 43.229206
44.0 31.068981 43.822350
44.87 44.254040 44.354553
45.23 44.816891 45.225922
45.98 44.403191 32.995358
46.25 44.903450 44.272331
47.1 45.802475 46.392532
47.68 34.697769 65.555550
48.35 46.111969 47.237099
48.78 48.318382 48.054844
