7.264000 43.16 43.045879 0.000837 21.787355 43.077873 21.518723
34.553001 43.24 43.095566 0.000833 21.374771 43.752991 21.205273
45.169998 43.28 42.917355 0.000863 21.247038 43.391319 21.470501
89.597000 43.38 43.348782 0.000859 21.463194 43.398193 21.132938
127.860001 43.48 43.143730 0.000871 21.512316 55.190975 21.383698
154.951004 43.53 42.849915 0.000858 21.625286 43.632439 21.431921
175.322006 43.52 42.970337 0.000863 21.718601 43.938072 22.159149
186.324005 43.55 43.215973 0.000855 21.286341 43.617966 21.861107
232.160995 43.56 28.916231 0.000860 21.718601 43.383728 21.745371
281.359985 43.72 43.233212 0.000870 21.620375 43.591087 21.928617
315.588013 43.81 43.471962 0.000875 22.425583 43.617252 21.856283
330.131012 43.78 43.438251 0.000873 21.654755 43.469818 21.841816
351.931000 43.87 43.105976 0.000883 22.067240 43.315502 21.904507
376.608002 43.81 43.513271 0.000886 22.150698 43.883701 22.371691
409.518005 43.9 43.522896 0.000903 22.307785 43.883232 22.173979
434.260010 43.91 43.402523 0.000875 22.219425 43.932663 22.253063
455.143005 43.64 43.229172 0.000880 21.615463 43.616531 22.070179
496.420990 44.32 44.105320 0.000889 22.504110 44.466492 22.262949
545.763000 43.81 43.612350 0.000902 22.425583 44.365822 22.198692
570.914001 44.01 43.674942 0.000886 22.042686 44.131706 22.366749
614.974976 44.12 43.419765 0.000910 22.027958 43.968590 21.774305
648.409973 44.08 43.624783 0.000896 22.420677 43.973534 22.262949
697.911011 44.19 42.203766 0.000853 23.617611 30.192926 24.343611
715.135986 44.11 43.131622 0.000840 22.302876 43.013031 21.668215
732.513977 44.16 44.471783 0.000898 22.823069 44.838909 22.623777
751.708008 44.17 42.782009 0.000909 21.291254 43.754242 22.277777
778.478027 44.2 44.469776 0.000819 21.418985 44.951874 21.735727
806.431030 44.27 43.945282 0.000993 22.656239 44.446243 22.450777
835.294983 44.36 30.339859 0.001027 20.229574 42.858715 20.735889
866.302002 44.3 43.399281 0.000950 23.083071 43.087418 22.065235
898.934021 44.32 44.099281 0.000911 20.883408 43.887699 24.570982
935.143005 44.24 45.573792 0.000876 21.669489 42.245152 24.017380
950.870972 44.35 54.760460 0.000914 22.685678 46.596100 24.323837
985.369995 44.42 44.010643 0.000807 22.675867 44.953930 22.663321
1022.581970 44.34 44.905479 0.000994 23.553873 43.999580 22.455721
