0 21.86 21.081165
20 22.01 21.273743
40 22.26 21.529419
60 22.48 21.568695
80 22.6 21.696327
100 22.88 22.010098
120 23.82 22.407883
140 23.77 22.809729
160 23.87 22.858768
180 24.32 23.113735
200 24.52 23.402954
220 24.69 23.937075
240 24.86 24.103981
260 25.47 24.368452
280 25.53 24.226429
300 25.79 24.725882
320 26.01 24.921682
340 26.22 25.068516
360 26.59 25.528442
380 26.89 26.022406
400 27.07 25.763227
420 27.64 26.222858
440 27.76 26.413502
460 28.15 27.004766
480 28.61 27.361320
500 28.82 27.605467
520 28.96 32.481804
540 29.28 28.000513
560 29.5 16.151749
580 30.0 28.942743
600 30.13 29.035387
620 30.82 29.313265
640 30.93 29.927273
660 31.24 30.351385
680 31.78 30.375732
700 31.94 30.477987
720 32.39 30.901520
740 32.72 19.248695
760 33.08 31.431904
780 33.43 31.850189
800 33.72 32.034599
820 34.05 32.627945
840 34.6 32.832016
860 34.63 33.380859
880 35.21 33.939133
900 35.69 33.890591
920 36.02 34.404942
940 36.48 34.846302
960 37.25 35.064484
980 37.71 35.980038
1000 38.18 36.086601
1020 38.38 36.483707
1040 39.0 37.562897
1060 39.75 25.840082
1080 40.23 38.452557
1100 40.62 49.800179
1120 40.85 39.114159
1140 42.15 39.800198
1160 42.33 40.890682
1180 43.12 40.712223
1200 43.17 41.406624
1220 43.73 41.816307
1240 44.15 42.317379
1260 44.97 43.275589
1280 45.27 43.265965
1300 46.12 44.276325
1320 47.02 44.886959
1340 47.79 45.944054
1360 48.28 46.285027
1380 49.26 46.731510
1400 50.11 48.755325
1420 50.38 49.038094
1440 51.04 49.349552
1460 52.11 50.427147
1480 52.78 51.398708
1500 53.54 51.767086
1520 54.23 52.570148
1540 55.01 53.358822
1560 55.34 53.936954
1580 56.51 54.744091
1600 57.08 55.918358
1620 58.03 56.447952
1640 58.94 57.468590
1660 59.67 57.730824
1680 61.1 81.841354
1700 61.66 60.070099
1720 62.45 61.070023
1740 63.49 61.631725
1760 64.26 62.393162
1780 64.92 63.097305
1800 65.48 63.901173
1820 66.5 64.871231
1840 67.4 65.841049
1860 68.21 66.601517
1880 69.31 67.570930
1900 70.29 68.540131
1920 71.22 69.219406
1940 72.25 70.278236
1960 72.72 71.199898
1980 73.71 71.812469
2000 74.93 72.723816
2020 76.14 73.630676
2040 76.46 75.074326
2060 77.66 75.544357
2080 78.28 76.251785
2100 78.83 77.818596
2120 79.4 78.706528
2140 80.63 78.564079
2160 81.78 79.807877
2180 82.62 80.591461
2200 83.41 81.309006
2220 84.17 81.879005
2240 84.4 82.871880
2260 85.08 83.227913
2280 85.38 83.142380
2300 85.42 83.375175
2320 85.63 83.712547
2340 85.89 83.674538
2360 85.94 72.211349
2380 85.81 83.517738
2400 85.83 83.446465
2420 85.73 83.945396
2480 81.98 79.759712
2500 81.49 78.426025
2520 80.64 78.368713
2540 79.77 77.704300
2560 79.63 76.574295
2580 79.04 76.678406
2600 78.26 76.023224
2620 77.76 75.610168
2640 77.24 74.769814
2660 76.57 74.461555
2680 75.98 73.668327
2700 75.12 72.951370
2720 74.88 72.490807
2740 74.22 72.063477
2760 74.07 70.425140
2780 73.61 71.365425
2800 73.14 70.833557
2820 72.49 70.444138
2840 72.03 68.705719
2860 71.1 68.150223
2880 70.55 68.482437
2900 69.78 67.204353
2920 68.83 66.781425
2940 68.72 66.301422
2960 67.81 65.574181
2980 67.36 65.412552
3000 67.19 64.875320
3020 66.66 62.482887
3040 66.45 63.395981
3060 66.03 63.929028
3080 65.67 63.319866
3100 64.94 63.158474
3120 64.68 62.739815
3140 64.52 62.520954
3160 64.1 61.973377
3180 63.41 61.288002
3200 63.49 61.416527
3220 62.34 60.554806
3240 62.53 60.811932
3260 62.39 60.092899
3280 61.21 59.073494
3300 61.36 59.483215
3320 61.01 58.887672
3340 60.56 58.092113
3360 59.93 58.020271
3380 59.84 57.729809
3400 59.56 57.386520
3420 59.28 56.733150
3440 58.96 57.086109
3460 58.6 57.114708
3480 58.48 56.752228
3500 58.15 56.485107
3520 57.77 55.735996
3540 57.52 55.444862
3560 57.22 55.344624
3580 57.02 55.258701
3600 56.55 54.614151
3620 56.49 54.599838
3640 55.99 53.811729
3660 55.84 53.725727
3680 55.6 53.128407
3700 55.04 53.391251
3720 54.67 52.578697
3740 54.5 52.746010
3760 54.31 52.530880
3780 53.25 52.320499
3800 53.9 51.976181
3820 53.65 51.847031
3840 53.44 51.363857
3860 52.62 51.487915
3880 52.98 51.162552
3900 52.41 50.320103
3920 52.61 50.540333
3940 52.23 50.013657
3960 52.15 49.577797
3980 51.96 49.735874
4000 51.62 49.769398
4020 51.48 49.755363
4040 51.11 49.204109
4060 50.98 49.242779
4080 50.67 48.850159
4100 50.38 48.802223
4120 50.05 48.346489
4140 49.49 47.708687
4160 48.98 47.622345
4180 48.98 47.396862
4200 48.81 47.540783
4220 48.32 47.180939
4240 48.7 47.056175
4260 48.52 46.984196
4280 47.66 46.677002
4300 47.94 46.504173
4320 47.95 46.605000
4340 47.57 45.889507
4360 47.34 45.711777
4380 46.93 45.615704
4400 47.19 45.740597
4420 47.22 45.029446
4440 46.96 45.423508
4460 46.77 45.139988
4480 46.58 44.591988
