0 81.98 79.759712
20 81.49 78.426025
40 80.64 78.368713
60 79.77 77.704300
80 79.63 76.574295
100 79.04 76.678406
120 78.26 76.023224
140 77.76 75.610168
160 77.24 74.769814
180 76.57 74.461555
200 75.98 73.668327
220 75.12 72.951370
240 74.88 72.490807
260 74.22 72.063477
280 74.07 70.425140
300 73.61 71.365425
320 73.14 70.833557
340 72.49 70.444138
360 72.03 68.705719
380 71.1 68.150223
400 70.55 68.482437
420 69.78 67.204353
440 68.83 66.781425
460 68.72 66.301422
480 67.81 65.574181
500 67.36 65.412552
520 67.19 64.875320
540 66.66 62.482887
560 66.45 63.395981
580 66.03 63.929028
600 65.67 63.319866
620 64.94 63.158474
640 64.68 62.739815
660 64.52 62.520954
680 64.1 61.973377
700 63.41 61.288002
720 63.49 61.416527
740 62.34 60.554806
760 62.53 60.811932
780 62.39 60.092899
800 61.21 59.073494
820 61.36 59.483215
840 61.01 58.887672
860 60.56 58.092113
880 59.93 58.020271
900 59.84 57.729809
920 59.56 57.386520
940 59.28 56.733150
960 58.96 57.086109
980 58.6 57.114708
1000 58.48 56.752228
1020 58.15 56.485107
1040 57.77 55.735996
1060 57.52 55.444862
1080 57.22 55.344624
1100 57.02 55.258701
1120 56.55 54.614151
1140 56.49 54.599838
1160 55.99 53.811729
1180 55.84 53.725727
1200 55.6 53.128407
1220 55.04 53.391251
1240 54.67 52.578697
1260 54.5 52.746010
1280 54.31 52.530880
1300 53.25 52.320499
1320 53.9 51.976181
1340 53.65 51.847031
1360 53.44 51.363857
1380 52.62 51.487915
1400 52.98 51.162552
1420 52.41 50.320103
1440 52.61 50.540333
1460 52.23 50.013657
1480 52.15 49.577797
1500 51.96 49.735874
1520 51.62 49.769398
1540 51.48 49.755363
1560 51.11 49.204109
1580 50.98 49.242779
1600 50.67 48.850159
1620 50.38 48.802223
1640 50.05 48.346489
1660 49.49 47.708687
1680 48.98 47.622345
1700 48.98 47.396862
1720 48.81 47.540783
1740 48.32 47.180939
1760 48.7 47.056175
1780 48.52 46.984196
1800 47.66 46.677002
1820 47.94 46.504173
1840 47.95 46.605000
1860 47.57 45.889507
1880 47.34 45.711777
1900 46.93 45.615704
1920 47.19 45.740597
1940 47.22 45.029446
1960 46.96 45.423508
1980 46.77 45.139988
2000 46.58 44.591988