0 -4.081003 -0.000944 -24.520479
0.4 -4.025623 -0.000947 -24.593428
0.8 -4.058816 -0.000949 -24.593428
1.2 -4.068885 -0.000955 -24.661171
1.6 -4.083991 -0.000948 -24.515266
2.0 -4.089027 -0.000934 -23.895622
2.4 -4.134345 -0.000964 -25.000023
2.8 -4.549517 -0.000971 -25.307779
3.2 -6.008522 -0.001027 -26.718451
3.6 -6.787761 -0.001085 -28.531874
4.0 -10.249670 -0.001209 -32.909798
4.400001 -14.526854 -0.001400 -38.606194
4.800001 -21.214800 -0.001705 -49.041698
5.200001 -33.565578 -0.002162 -61.501827
5.600001 -46.010139 -0.002610 -80.464348
6.000001 -96.551041 -0.005229 -231.447144
6.400001 -198.557617 -0.006661 -267.671387
6.800001 -196.859192 -0.006650 -266.792480
7.200001 -197.107056 -0.006641 -266.938477
7.600001 -200.928833 -0.006695 -273.704346
8.000001 -201.225769 -0.006698 -273.728760
8.400001 -201.588745 -0.006710 -276.702148
8.8 -203.675781 -0.006736 -278.697510
9.2 -203.636108 -0.006734 -278.724121
9.599999 -203.874390 -0.006739 -279.018555
9.999999 -203.689331 -0.006739 -278.724121
10.4 -203.755310 -0.006738 -278.697510
10.8 -203.490417 -0.006739 -278.911377
11.2 -203.450806 -0.006744 -278.536377
11.6 -203.768616 -0.006736 -278.483154
12.0 -203.662170 -0.006736 -278.134277
12.4 -203.530273 -0.006733 -278.938477
12.8 -203.530273 -0.006740 -278.028564
13.2 -203.689331 -0.006737 -278.162109
13.6 -203.516907 -0.006738 -277.655029
14.0 -203.423828 -0.006732 -278.831543
14.39999 -203.503479 -0.006731 -278.241699
14.79999 -203.423828 -0.006731 -278.885010
15.19999 -203.622559 -0.006734 -277.708252
15.59999 -203.278809 -0.006731 -278.803955
15.99999 -203.795105 -0.006740 -278.028564
16.39999 -203.371521 -0.006734 -278.401611
16.79999 -203.741882 -0.006737 -278.188232
17.19999 -203.423828 -0.006736 -278.483154
17.59999 -203.344727 -0.006736 -278.268799
17.99999 -203.821716 -0.006733 -278.295410
18.39999 -203.535217 -0.006736 -278.992188
18.79999 -203.760742 -0.006731 -278.670654
19.19999 -203.363281 -0.006732 -278.295410
19.59999 -204.013733 -0.006737 -277.655029
19.99999 -203.920227 -0.006737 -278.911377
20.39999 -203.866943 -0.006733 -278.348633
20.79999 -203.840210 -0.006734 -277.895264
21.19999 -203.654236 -0.006738 -278.509766
21.59999 -203.561401 -0.006736 -277.868164
21.99999 -203.574890 -0.006734 -278.241699
22.39999 -203.641052 -0.006731 -277.841797
22.79999 -203.336304 -0.006741 -278.162109
23.19999 -203.204712 -0.006733 -278.536377
23.59999 -203.973694 -0.006737 -278.483154
23.99999 -203.853943 -0.006740 -278.885010
24.39999 -203.893433 -0.006737 -278.428955
24.79999 -203.455811 -0.006729 -277.629150
25.19999 -202.941101 -0.006725 -276.280518
25.59999 -200.920959 -0.006662 -269.275513
25.99998 -198.323914 -0.006656 -268.236206
26.39998 -197.964966 -0.006684 -271.380615
26.79998 -200.265198 -0.006693 -272.907471
27.19998 -201.789185 -0.006684 -271.431152
27.59998 -201.114502 -0.006695 -272.014893
27.99998 -200.355103 -0.006709 -276.939209
28.39998 -203.627991 -0.006738 -278.670654
28.79998 -203.694763 -0.006735 -278.724121
29.19998 -203.535217 -0.006735 -278.268799
29.59998 -203.667908 -0.006734 -278.375000
29.99998 -203.814026 -0.006735 -278.750488
30.39998 -203.827454 -0.006732 -279.100098
30.79998 -204.066345 -0.006739 -278.697510
31.19998 -204.026672 -0.006733 -278.509766
31.59998 -203.739807 -0.006739 -278.563477
31.99998 -204.045532 -0.006742 -278.938477
32.39998 -203.766174 -0.006741 -279.100098
32.79998 -203.938721 -0.006739 -278.536377
33.19998 -204.045532 -0.006745 -278.777100
33.59998 -204.445374 -0.006736 -278.803955
33.99998 -204.045532 -0.006736 -278.724121
34.39999 -204.165344 -0.006748 -279.449463
34.79999 -204.245728 -0.006745 -279.369385
35.19999 -203.992310 -0.006741 -278.724121
35.59999 -203.938721 -0.006741 -278.857910
35.99999 -203.726563 -0.006739 -279.287842
36.39999 -203.659973 -0.006735 -279.072021
36.8 -203.527466 -0.006733 -278.857910
37.2 -204.032227 -0.006734 -278.857910
37.6 -203.633240 -0.006736 -278.455811
38.0 -203.474731 -0.006733 -278.831543
38.4 -203.885681 -0.006731 -278.509766
38.8 -203.818970 -0.006740 -278.885010
39.2 -203.965637 -0.006735 -279.746826
39.60001 -204.392273 -0.006743 -279.314941
40.00001 -204.125427 -0.006741 -279.153320
40.40001 -203.700073 -0.006738 -278.803955
40.80001 -203.659973 -0.006732 -278.401611
41.20001 -203.806030 -0.006740 -278.643066
41.60001 -204.151917 -0.006738 -277.841797
42.00002 -204.084900 -0.006737 -278.348633
42.40002 -203.858826 -0.006742 -278.455811
42.80002 -204.205505 -0.006737 -279.449463
43.20002 -204.112610 -0.006743 -278.777100
43.60002 -204.504517 -0.006740 -279.422607
44.00002 -204.290894 -0.006741 -279.422607
44.40002 -203.904175 -0.006742 -279.072021
44.80003 -204.331177 -0.006740 -278.803955
45.20003 -204.491211 -0.006739 -278.697510
45.60003 -204.130981 -0.006746 -278.724121
46.00003 -204.290894 -0.006745 -279.773926
46.40003 -204.170837 -0.006741 -278.911377
46.80003 -204.103821 -0.006746 -279.801270
47.20004 -204.411011 -0.006747 -279.936035
47.60004 -204.478027 -0.006742 -279.503662
48.00004 -204.143921 -0.006742 -279.612549
48.40004 -204.211182 -0.006742 -278.777100
48.80004 -204.759277 -0.006744 -279.503662
49.20004 -204.371033 -0.006745 -278.911377
49.60004 -204.585083 -0.006744 -279.503662
50.00005 -204.357605 -0.006742 -279.314941
50.40005 -204.585083 -0.006741 -279.018555
50.80005 -204.264648 -0.006735 -278.911377
51.20005 -204.077271 -0.006740 -278.589600
51.60005 -203.798462 -0.006736 -278.777100
52.00005 -204.109619 -0.006738 -277.974854
52.40005 -204.323120 -0.006740 -279.341553
52.80006 -204.283081 -0.006740 -279.180664
53.20006 -204.317688 -0.006735 -279.530762
53.60006 -204.143921 -0.006747 -279.801270
54.00006 -204.437927 -0.006748 -280.208008
54.40006 -204.384460 -0.006750 -279.773926
54.80006 -204.585083 -0.006749 -280.723633
55.20007 -204.531616 -0.006754 -280.126221
55.60007 -204.839539 -0.006751 -280.017578
56.00007 -204.786255 -0.006754 -280.288574
56.40007 -204.879822 -0.006752 -279.909424
56.80007 -204.531616 -0.006752 -279.963135
57.20007 -204.517761 -0.006744 -279.261963
57.60007 -204.517761 -0.006742 -279.936035
58.00008 -204.772827 -0.006744 -280.397461
58.40008 -204.679016 -0.006749 -280.233887
58.80008 -204.517761 -0.006744 -279.180664
59.20008 -204.443298 -0.006742 -279.180664
59.60008 -204.376282 -0.006745 -279.503662
60.00008 -204.362671 -0.006740 -278.777100
60.40009 -204.229248 -0.006736 -278.509766
60.80009 -204.082886 -0.006740 -279.693604
61.20009 -204.451294 -0.006747 -280.153076
61.60009 -204.250916 -0.006751 -280.886963
62.00009 -204.331177 -0.006744 -280.045166
62.40009 -204.683899 -0.006747 -279.665771
62.80009 -204.443298 -0.006744 -279.828369
63.2001 -204.724182 -0.006743 -279.881592
63.6001 -204.993164 -0.006745 -280.045166
64.0001 -204.603882 -0.006743 -279.665771
64.4001 -204.336426 -0.006749 -279.936035
64.8001 -204.899109 -0.006749 -280.071777
65.2001 -204.818481 -0.006746 -279.828369
65.60011 -204.772827 -0.006747 -279.963135
66.00011 -204.738403 -0.006749 -280.045166
66.40011 -204.483765 -0.006749 -280.262207
66.80011 -204.893188 -0.006748 -280.126221
67.20011 -205.020264 -0.006743 -279.720459
67.60011 -204.349609 -0.006745 -280.071777
68.00011 -204.657959 -0.006748 -280.532959
68.40012 -204.390198 -0.006747 -279.720459
68.80012 -204.805115 -0.006745 -279.072021
69.20012 -204.403015 -0.006749 -279.233643
69.60012 -204.443298 -0.006739 -278.992188
70.00012 -204.603882 -0.006739 -279.936035
70.40012 -204.818481 -0.006746 -279.638672
70.80013 -204.429993 -0.006748 -280.342285
71.20013 -204.510071 -0.006743 -279.881592
71.60013 -204.564148 -0.006745 -278.857910
72.00013 -204.630554 -0.006742 -279.261963
72.40013 -204.590515 -0.006742 -280.424316
72.80013 -204.497009 -0.006746 -280.886963
73.20013 -204.670593 -0.006752 -280.941895
73.60014 -204.885559 -0.006747 -280.397461
74.00014 -205.275513 -0.006746 -279.801270
74.40014 -204.750854 -0.006750 -280.397461
74.80014 -204.724182 -0.006745 -279.854980
75.20014 -204.925842 -0.006748 -280.478271
75.60014 -204.483765 -0.006749 -279.395996
76.00014 -204.670593 -0.006746 -280.723633
76.40015 -204.683899 -0.006741 -279.638672
76.80015 -204.738403 -0.006746 -279.828369
77.20015 -204.778137 -0.006748 -279.881592
77.60015 -204.256042 -0.006743 -279.989746
78.00015 -204.362671 -0.006746 -280.262207
78.40015 -205.047058 -0.006744 -279.476807
78.80016 -204.390198 -0.006743 -279.585205
79.20016 -204.456238 -0.006746 -280.370361
79.60016 -204.697998 -0.006742 -279.314941
80.00016 -204.470032 -0.006747 -280.045166
80.40016 -204.590515 -0.006747 -279.720459
80.80016 -204.683899 -0.006747 -280.316406
81.20016 -204.550537 -0.006750 -280.071777
81.60017 -204.810730 -0.006749 -280.723633
82.00017 -204.577148 -0.006746 -279.287842
82.40017 -204.550537 -0.006746 -279.665771
82.80017 -204.683899 -0.006742 -280.262207
83.20017 -205.011963 -0.006744 -279.638672
83.60017 -204.703491 -0.006751 -279.936035
84.00018 -204.743103 -0.006745 -279.449463
84.40018 -204.676331 -0.006741 -279.989746
84.80018 -204.596313 -0.006738 -279.341553
85.20018 -204.475403 -0.006743 -279.881592
85.60018 -204.770325 -0.006745 -279.476807
86.00018 -204.462341 -0.006743 -279.180664
86.40018 -204.716431 -0.006744 -279.422607
86.80019 -204.488953 -0.006743 -278.162109
87.20019 -204.168640 -0.006743 -278.428955
87.60019 -204.850769 -0.006744 -278.670654
88.00019 -204.708618 -0.006738 -279.180664
88.40019 -204.681824 -0.006743 -278.911377
88.80019 -205.070984 -0.006747 -279.180664
89.2002 -204.775940 -0.006743 -279.127197
89.6002 -204.453979 -0.006742 -279.558594
90.0002 -204.815918 -0.006748 -279.449463
90.4002 -204.480652 -0.006737 -279.422607
90.8002 -204.601379 -0.006736 -278.697510
91.2002 -204.909790 -0.006745 -279.773926
91.6002 -205.232727 -0.006743 -280.288574
92.00021 -205.475769 -0.006749 -279.963135
92.40021 -205.435181 -0.006745 -280.316406
92.80021 -204.829590 -0.006748 -279.638672
93.20021 -204.681824 -0.006749 -279.828369
93.60021 -205.112000 -0.006746 -280.451416
94.00021 -205.367798 -0.006748 -280.560059
94.40022 -204.882996 -0.006748 -280.233887
94.80022 -205.340698 -0.006754 -281.763184
95.20022 -205.732910 -0.006753 -281.543213
95.60022 -205.435181 -0.006760 -280.587402
96.00022 -205.246460 -0.006746 -280.723633
96.40022 -205.516296 -0.006749 -280.342285
96.80022 -205.232727 -0.006755 -281.516113
97.20023 -205.165710 -0.006748 -280.071777
97.60023 -205.299866 -0.006749 -280.342285
98.00023 -205.004150 -0.006742 -280.180176
98.40023 -205.192505 -0.006750 -280.071777
98.80023 -204.834900 -0.006746 -279.720459
99.20023 -204.802917 -0.006750 -280.208008
99.60023 -205.354492 -0.006745 -280.180176
100.0002 -205.197937 -0.006753 -281.763184
100.4002 -205.481201 -0.006753 -280.208008
100.8002 -205.346191 -0.006750 -280.614990
101.2002 -205.400330 -0.006750 -280.750977
101.6002 -205.494873 -0.006748 -280.424316
102.0002 -205.481201 -0.006750 -281.297852
102.4002 -205.292358 -0.006745 -280.316406
102.8002 -205.265381 -0.006751 -280.098633
103.2002 -204.995850 -0.006754 -279.665771
103.6003 -205.346191 -0.006753 -280.750977
104.0003 -205.548584 -0.006759 -280.397461
104.4003 -205.521606 -0.006749 -280.778320
104.8003 -205.224731 -0.006752 -280.126221
105.2003 -205.372925 -0.006748 -280.370361
105.6003 -205.082031 -0.006747 -280.750977
106.0003 -205.554260 -0.006751 -280.424316
106.4003 -205.103638 -0.006750 -281.324463
106.8003 -205.554260 -0.006749 -280.126221
107.2003 -205.157349 -0.006755 -281.570557
107.6003 -205.738464 -0.006756 -281.052246
108.0003 -205.562378 -0.006755 -281.105713
108.4003 -205.846802 -0.006757 -281.734863
108.8003 -205.589539 -0.006754 -280.996338
109.2003 -205.643616 -0.006755 -281.160400
109.6003 -205.833374 -0.006757 -280.641846
110.0003 -205.805908 -0.006756 -281.489014
110.4003 -205.779297 -0.006757 -281.187988
110.8003 -205.901367 -0.006758 -280.424316
111.2003 -205.589539 -0.006753 -280.532959
111.6003 -206.159241 -0.006754 -281.845459
112.0003 -205.915161 -0.006758 -281.708252
112.4003 -205.805908 -0.006759 -281.955078
112.8003 -206.241028 -0.006766 -282.756104
113.2003 -206.513977 -0.006764 -282.506348
113.6003 -205.589539 -0.006754 -281.763184
114.0003 -205.833374 -0.006760 -281.708252
114.4003 -205.603088 -0.006758 -281.543213
114.8003 -205.738464 -0.006756 -281.024170
115.2003 -205.779297 -0.006758 -281.982666
115.6003 -205.400330 -0.006752 -280.614990
116.0003 -205.689697 -0.006750 -280.126221
116.4003 -205.608643 -0.006752 -280.941895
116.8003 -205.581604 -0.006755 -280.832275
117.2003 -205.594910 -0.006753 -280.478271
117.6003 -205.378723 -0.006756 -280.778320
118.0003 -205.473755 -0.006752 -279.854980
118.4003 -205.500366 -0.006751 -281.024170
118.8003 -205.514038 -0.006751 -281.351807
119.2003 -205.784546 -0.006757 -281.078125
119.6003 -205.703064 -0.006750 -280.126221
120.0003 -205.230042 -0.006747 -280.126221
120.4003 -205.473755 -0.006758 -280.208008
120.8003 -205.082031 -0.006753 -280.153076
121.2003 -205.446228 -0.006755 -280.424316
121.6003 -205.770935 -0.006751 -281.078125
122.0003 -205.594910 -0.006755 -281.187988
122.4003 -206.056335 -0.006753 -280.832275
122.8003 -205.486816 -0.006757 -280.478271
123.2003 -205.716858 -0.006753 -281.105713
123.6003 -205.960876 -0.006755 -281.324463
124.0003 -205.608643 -0.006752 -281.734863
124.4003 -205.743835 -0.006754 -281.187988
124.8003 -205.136230 -0.006744 -280.424316
125.2003 -205.540833 -0.006749 -280.723633
125.6003 -205.920044 -0.006744 -281.461182
126.0003 -205.432983 -0.006749 -281.160400
126.4003 -205.526794 -0.006760 -280.424316
126.8003 -205.311218 -0.006756 -280.969482
127.2003 -205.776550 -0.006757 -280.914551
127.6003 -205.500366 -0.006754 -280.262207
128.0003 -205.912170 -0.006760 -281.160400
128.4003 -205.952759 -0.006758 -281.214600
128.8003 -205.871582 -0.006745 -280.914551
129.2003 -205.736145 -0.006751 -280.886963
129.6003 -205.776550 -0.006754 -280.859375
130.0003 -206.088623 -0.006763 -281.024170
130.4003 -205.736145 -0.006758 -281.625244
130.8003 -206.061584 -0.006762 -281.708252
131.2003 -206.034180 -0.006762 -282.119873
131.6003 -205.939331 -0.006756 -280.859375
132.0003 -205.939331 -0.006753 -281.405273
132.4003 -205.749146 -0.006758 -281.052246
132.8003 -205.993652 -0.006756 -281.489014
133.2003 -205.627625 -0.006758 -281.680908
133.6003 -205.885010 -0.006758 -281.378906
134.0002 -206.047791 -0.006760 -281.680908
134.4002 -206.184265 -0.006757 -282.147949
134.8002 -205.939331 -0.006759 -281.873047
135.2002 -206.333801 -0.006759 -281.024170
135.6002 -205.952759 -0.006755 -281.351807
136.0002 -206.047791 -0.006758 -281.734863
136.4002 -205.979858 -0.006757 -280.750977
136.8002 -205.863159 -0.006754 -281.461182
137.2002 -206.026123 -0.006755 -280.641846
137.6002 -205.619568 -0.006754 -280.505615
138.0002 -206.203247 -0.006755 -281.024170
138.4002 -205.930664 -0.006755 -280.859375
138.8002 -205.890564 -0.006756 -281.269043
139.2002 -205.768433 -0.006751 -281.297852
139.6002 -206.162415 -0.006760 -281.160400
140.0002 -206.135132 -0.006760 -281.708252
140.4001 -206.121887 -0.006754 -281.818359
140.8001 -206.080444 -0.006758 -281.763184
141.2001 -206.598633 -0.006757 -281.543213
141.6001 -206.393677 -0.006760 -282.066406
142.0001 -206.162415 -0.006762 -281.598633
142.4001 -206.080444 -0.006763 -281.625244
142.8001 -205.849792 -0.006759 -281.982666
143.2001 -206.462402 -0.006758 -282.203125
143.6001 -205.904602 -0.006759 -281.845459
144.0001 -206.271240 -0.006754 -282.037354
144.4001 -206.325562 -0.006763 -282.313477
144.8001 -206.516785 -0.006757 -282.645508
145.2001 -206.694397 -0.006761 -282.395996
145.6001 -206.476135 -0.006765 -281.955078
146.0001 -206.680847 -0.006768 -281.845459
146.4001 -206.489502 -0.006764 -282.258301
146.8 -206.290100 -0.006761 -282.395996
147.2 -206.708313 -0.006756 -281.653320
147.6 -205.877075 -0.006755 -281.734863
148.0 -206.249451 -0.006756 -280.969482
148.4 -206.372192 -0.006758 -280.941895
148.8 -206.372192 -0.006759 -281.570557
149.2 -206.372192 -0.006758 -281.955078
149.6 -206.741394 -0.006763 -282.479492
150.0 -206.672852 -0.006764 -282.616455
150.4 -206.667175 -0.006769 -282.810547
150.8 -206.448669 -0.006773 -282.258301
151.2 -206.489502 -0.006765 -283.365967
151.6 -206.653259 -0.006765 -283.059326
152.0 -206.585083 -0.006773 -282.699707
152.4 -206.982300 -0.006767 -283.282227
152.8 -207.229919 -0.006763 -283.533691
153.2 -206.694397 -0.006772 -283.142822
153.5999 -207.078186 -0.006775 -284.062500
153.9999 -207.422058 -0.006770 -284.370117
154.3999 -206.954834 -0.006774 -283.226074
154.7999 -206.858887 -0.006773 -284.285889
155.1999 -207.105774 -0.006765 -282.534180
155.5999 -206.913940 -0.006764 -282.810547
155.9999 -206.590576 -0.006758 -281.242676
156.3999 -206.317871 -0.006757 -281.873047
156.7999 -206.933044 -0.006765 -282.534180
157.1999 -206.344788 -0.006767 -281.873047
157.5999 -206.836853 -0.006760 -282.009521
157.9999 -206.508362 -0.006763 -282.066406
158.3999 -206.836853 -0.006765 -282.506348
158.7999 -206.413330 -0.006763 -281.378906
159.1999 -206.713684 -0.006757 -282.589355
159.5999 -206.754700 -0.006765 -281.899658
159.9998 -206.481323 -0.006768 -282.756104
160.3998 -206.823181 -0.006770 -282.313477
160.7998 -206.741394 -0.006768 -282.672119
161.1998 -206.645325 -0.006769 -282.616455
161.5998 -207.331177 -0.006776 -283.142822
161.9998 -207.179871 -0.006779 -283.310303
162.3998 -207.193909 -0.006770 -283.032227
162.7998 -206.617737 -0.006763 -282.589355
163.1998 -207.084229 -0.006764 -283.115234
163.5998 -206.869751 -0.006768 -282.699707
163.9998 -206.658813 -0.006765 -282.340332
164.3998 -206.413330 -0.006762 -283.004639
164.7998 -206.700195 -0.006759 -281.598633
165.1998 -206.828979 -0.006761 -281.625244
165.5998 -207.130676 -0.006764 -282.037354
165.9998 -207.130676 -0.006768 -283.226074
166.3997 -207.364746 -0.006768 -283.004639
166.7997 -207.529480 -0.006770 -283.895264
167.1997 -207.544128 -0.006773 -283.226074
167.5997 -207.455505 -0.006775 -283.671143
167.9997 -207.070190 -0.006769 -282.645508
168.3997 -207.042664 -0.006770 -282.313477
168.7997 -207.034363 -0.006767 -282.645508
169.1997 -207.268433 -0.006765 -282.783447
169.5997 -207.185730 -0.006768 -282.313477
169.9997 -207.048157 -0.006770 -283.616943
170.3997 -207.213501 -0.006767 -283.754883
170.7997 -207.364746 -0.006770 -283.504883
171.1997 -207.295776 -0.006772 -282.921631
171.5997 -207.199341 -0.006767 -282.589355
171.9997 -207.185730 -0.006764 -282.810547
172.3997 -206.965881 -0.006768 -283.142822
172.7997 -207.034363 -0.006769 -283.310303
173.1996 -207.103149 -0.006770 -281.625244
173.5996 -207.213501 -0.006776 -283.226074
173.9996 -207.474731 -0.006769 -284.314697
174.3996 -207.213501 -0.006772 -283.699219
174.7996 -207.460999 -0.006772 -284.006836
175.1996 -207.447266 -0.006766 -283.587646
175.5996 -207.598877 -0.006770 -283.728027
175.9996 -207.240479 -0.006779 -283.533691
176.3996 -207.364746 -0.006776 -284.090088
176.7996 -207.696289 -0.006773 -284.285889
177.1996 -208.139099 -0.006779 -284.622070
177.5996 -207.925659 -0.006782 -284.119141
177.9996 -207.911804 -0.006783 -283.978027
178.3996 -207.925659 -0.006777 -283.477295
178.7996 -207.565552 -0.006771 -282.921631
179.1996 -207.571045 -0.006777 -283.699219
179.5995 -207.323181 -0.006775 -284.258301
179.9995 -207.488770 -0.006775 -283.504883
180.3995 -207.544128 -0.006774 -283.895264
180.7995 -207.612549 -0.006780 -283.978027
181.1995 -207.386597 -0.006773 -284.370117
181.5995 -207.717834 -0.006779 -283.922607
181.9995 -207.648804 -0.006778 -284.481934
182.3995 -207.731445 -0.006777 -284.062500
182.7995 -207.855774 -0.006776 -284.341797
183.1995 -207.621277 -0.006779 -284.622070
183.5995 -207.939758 -0.006784 -284.706787
183.9995 -208.119751 -0.006779 -284.818604
184.3995 -207.676575 -0.006784 -285.185303
184.7995 -208.369812 -0.006780 -285.156494
185.1995 -208.341675 -0.006783 -285.100342
185.5995 -207.842102 -0.006791 -285.156494
185.9995 -208.022705 -0.006784 -286.061523
186.3994 -208.036743 -0.006786 -284.763672
186.7994 -207.995300 -0.006784 -284.678711
187.1994 -207.884094 -0.006783 -284.258301
187.5994 -207.800842 -0.006781 -284.481934
187.9994 -207.662170 -0.006780 -284.006836
188.3994 -207.482910 -0.006776 -284.481934
188.7994 -207.648804 -0.006781 -284.678711
189.1994 -207.353455 -0.006777 -283.533691
189.5994 -207.359070 -0.006780 -284.398193
189.9994 -207.538391 -0.006776 -284.734375
190.3994 -207.855774 -0.006774 -283.671143
190.7994 -207.400085 -0.006771 -283.866699
191.1994 -207.427979 -0.006776 -284.987305
191.5994 -207.524658 -0.006776 -283.978027
191.9994 -207.676575 -0.006775 -284.706787
192.3994 -207.869934 -0.006780 -284.370117
192.7993 -207.786987 -0.006770 -283.754883
193.1993 -207.345337 -0.006776 -284.565918
193.5993 -207.662170 -0.006774 -284.146973
193.9993 -207.579468 -0.006773 -284.006836
194.3993 -207.221741 -0.006781 -284.090088
194.7993 -207.565552 -0.006778 -284.734375
195.1993 -207.359070 -0.006780 -284.229980
195.5993 -207.869934 -0.006776 -284.006836
195.9993 -207.773254 -0.006781 -283.533691
196.3993 -207.800842 -0.006776 -284.341797
196.7993 -207.786987 -0.006776 -283.587646
197.1993 -207.248779 -0.006773 -283.504883
197.5993 -207.524658 -0.006777 -283.533691
197.9993 -207.427979 -0.006775 -284.146973
198.3993 -207.690063 -0.006776 -284.341797
198.7993 -207.745483 -0.006775 -283.838623
199.1992 -207.634644 -0.006778 -284.174072
199.5992 -207.842102 -0.006776 -284.847168
199.9992 -207.704468 -0.006774 -284.622070
200.3992 -207.925659 -0.006778 -283.838623
200.7992 -207.773254 -0.006777 -284.229980
201.1992 -207.855774 -0.006778 -284.119141
201.5992 -207.911804 -0.006778 -283.810791
201.9992 -207.469421 -0.006782 -284.146973
202.3992 -207.345337 -0.006775 -283.504883
202.7992 -207.378174 -0.006774 -283.142822
203.1992 -207.516418 -0.006774 -283.699219
203.5992 -207.125061 -0.006776 -284.370117
203.9992 -207.717834 -0.006771 -284.314697
204.3992 -207.875549 -0.006776 -284.314697
204.7992 -207.557983 -0.006779 -284.119141
205.1992 -207.116943 -0.006775 -284.062500
205.5992 -207.626709 -0.006770 -282.921631
205.9991 -207.598877 -0.006780 -284.454834
206.3991 -207.792480 -0.006778 -284.594727
206.7991 -208.014282 -0.006782 -284.847168
207.1991 -207.917664 -0.006781 -284.903809
207.5991 -208.097534 -0.006788 -285.552490
207.9991 -207.972534 -0.006781 -285.778320
208.3991 -207.931091 -0.006780 -284.426025
208.7991 -207.986450 -0.006785 -284.931885
209.1991 -208.208374 -0.006785 -285.213135
209.5991 -208.348083 -0.006787 -285.439209
209.9991 -208.528931 -0.006791 -285.863525
210.3991 -208.097534 -0.006781 -285.016602
210.7991 -207.972534 -0.006779 -284.763672
211.1991 -208.166809 -0.006781 -284.959229
211.5991 -208.139099 -0.006782 -285.016602
211.9991 -208.222778 -0.006784 -284.847168
212.399 -208.305664 -0.006782 -285.269043
212.799 -208.014282 -0.006785 -284.903809
213.199 -208.055420 -0.006783 -284.847168
213.599 -208.194641 -0.006789 -284.763672
213.999 -207.958862 -0.006783 -284.818604
214.399 -208.055420 -0.006778 -285.552490
214.799 -207.931091 -0.006782 -284.678711
215.199 -208.264099 -0.006782 -285.072998
215.599 -208.000427 -0.006787 -284.510498
215.999 -207.986450 -0.006786 -285.072998
216.399 -208.417603 -0.006783 -284.734375
216.799 -207.931091 -0.006779 -284.903809
217.199 -207.986450 -0.006777 -284.651123
217.599 -207.972534 -0.006776 -284.622070
217.999 -207.778809 -0.006779 -284.538574
218.399 -208.014282 -0.006778 -284.370117
218.799 -207.944702 -0.006781 -284.426025
219.1989 -207.881165 -0.006778 -284.678711
219.5989 -207.820129 -0.006779 -284.119141
219.9989 -207.944702 -0.006777 -284.959229
220.3989 -208.097534 -0.006777 -283.978027
220.7989 -207.563171 -0.006780 -284.706787
221.1989 -208.166809 -0.006780 -285.608154
221.5989 -208.430969 -0.006787 -285.185303
221.9989 -208.166809 -0.006788 -285.835205
222.3989 -208.598145 -0.006787 -285.579834
222.7989 -207.737427 -0.006790 -285.579834
223.1989 -208.180420 -0.006784 -286.317383
223.5989 -208.654419 -0.006790 -285.185303
223.9989 -208.640259 -0.006788 -284.987305
224.3989 -208.430969 -0.006788 -285.297119
224.7989 -208.055420 -0.006783 -284.987305
225.1989 -208.305664 -0.006785 -284.202637
225.5988 -208.055420 -0.006779 -285.410889
225.9988 -208.389343 -0.006783 -284.594727
226.3988 -208.222778 -0.006786 -284.763672
226.7988 -207.889343 -0.006784 -285.523438
227.1988 -208.492249 -0.006781 -284.565918
227.5988 -208.283875 -0.006785 -284.790283
227.9988 -208.394592 -0.006788 -285.156494
228.3988 -208.590393 -0.006784 -284.987305
228.7988 -208.199585 -0.006782 -285.129395
229.1988 -208.255920 -0.006790 -285.495605
229.5988 -208.645935 -0.006784 -286.033203
229.9988 -208.729675 -0.006786 -285.495605
230.3988 -208.380920 -0.006781 -285.976807
230.7988 -208.158691 -0.006786 -285.552490
231.1988 -208.297363 -0.006780 -285.750000
231.5988 -208.199585 -0.006782 -285.523438
231.9987 -208.422607 -0.006785 -285.241211
232.3987 -208.422607 -0.006782 -284.734375
232.7987 -208.869446 -0.006787 -285.608154
233.1987 -208.061340 -0.006784 -285.466309
233.5987 -208.297363 -0.006782 -284.987305
233.9987 -208.659851 -0.006778 -285.608154
234.3987 -208.576233 -0.006781 -285.241211
234.7987 -208.729675 -0.006785 -285.863525
235.1987 -208.436523 -0.006790 -285.466309
235.5987 -208.659851 -0.006789 -285.693604
235.9987 -207.936462 -0.006780 -284.090088
236.3987 -208.409241 -0.006786 -285.778320
236.7987 -208.479065 -0.006789 -285.552490
237.1987 -208.506531 -0.006791 -285.185303
237.5987 -208.688232 -0.006794 -286.232666
237.9987 -208.883850 -0.006785 -285.835205
238.3987 -208.771484 -0.006789 -285.552490
238.7986 -208.479065 -0.006793 -286.260742
239.1986 -208.688232 -0.006786 -285.579834
239.5986 -208.548584 -0.006788 -285.835205
239.9986 -208.729675 -0.006788 -286.317383
240.3986 -208.645935 -0.006786 -286.403076
240.7986 -208.716187 -0.006786 -285.976807
241.1986 -208.562378 -0.006789 -285.750000
241.5986 -208.506531 -0.006788 -285.863525
241.9986 -208.883850 -0.006791 -287.001465
242.3986 -208.981323 -0.006787 -286.545166
242.7986 -209.177979 -0.006794 -285.693604
243.1986 -209.234375 -0.006794 -286.659668
243.5986 -208.945618 -0.006795 -285.778320
243.9986 -209.037476 -0.006795 -287.373291
244.3986 -209.135437 -0.006793 -286.859863
244.7986 -208.855957 -0.006794 -286.118164
245.1985 -208.540039 -0.006783 -285.325684
245.5985 -208.581726 -0.006786 -285.721436
245.9985 -209.267639 -0.006795 -286.289551
246.3985 -208.568359 -0.006790 -286.174561
246.7985 -208.400635 -0.006785 -285.637695
247.1985 -208.540039 -0.006783 -284.398193
247.5985 -208.945618 -0.006790 -285.976807
247.9985 -209.127441 -0.006794 -286.232666
248.3985 -208.987366 -0.006793 -286.232666
248.7985 -209.085327 -0.006795 -286.487793
249.1985 -209.352051 -0.006794 -286.745361
249.5985 -209.183411 -0.006800 -287.431396
249.9985 -209.253418 -0.006795 -287.030029
250.3985 -209.267639 -0.006796 -286.487793
250.7985 -209.085327 -0.006797 -286.745361
251.1985 -208.451050 -0.006792 -286.346191
251.5984 -209.155701 -0.006793 -286.033203
251.9984 -208.861755 -0.006791 -286.915283
252.3984 -208.623962 -0.006789 -285.693604
252.7984 -208.609741 -0.006791 -285.439209
253.1984 -208.553772 -0.006789 -285.523438
253.5984 -208.665955 -0.006782 -285.382324
253.9984 -208.763489 -0.006789 -285.608154
254.3984 -208.721802 -0.006786 -285.410889
254.7984 -208.861755 -0.006789 -285.948730
255.1984 -208.693359 -0.006787 -285.750000
255.5984 -208.749939 -0.006787 -285.495605
255.9984 -208.289673 -0.006782 -285.410889
256.3984 -208.512085 -0.006789 -285.579834
256.7984 -208.889282 -0.006786 -284.734375
257.1984 -208.707581 -0.006785 -285.778320
257.5984 -208.665955 -0.006786 -285.750000
257.9984 -208.727234 -0.006780 -286.232666
258.3983 -208.448303 -0.006778 -284.903809
258.7983 -208.526123 -0.006782 -285.608154
259.1983 -208.740967 -0.006784 -285.891357
259.5983 -208.880981 -0.006788 -285.354248
259.9983 -208.456726 -0.006784 -284.847168
260.3983 -208.574219 -0.006783 -285.044189
260.7983 -208.490112 -0.006786 -284.818604
261.1983 -208.503906 -0.006779 -284.538574
261.5983 -208.405884 -0.006787 -284.987305
261.9983 -208.699036 -0.006786 -285.241211
262.3983 -208.225220 -0.006786 -285.213135
262.7983 -208.420166 -0.006784 -284.987305
263.1983 -208.559448 -0.006783 -285.693604
263.5983 -208.545349 -0.006785 -284.790283
263.9983 -208.587280 -0.006782 -285.185303
264.3983 -209.034973 -0.006788 -285.863525
264.7982 -209.062622 -0.006788 -285.778320
265.1982 -208.587280 -0.006792 -286.887207
265.5982 -209.076904 -0.006790 -285.976807
265.9982 -209.132813 -0.006789 -285.835205
266.3982 -209.287659 -0.006790 -286.515869
266.7982 -209.062622 -0.006787 -286.260742
267.1982 -209.048950 -0.006789 -286.659668
267.5982 -208.838867 -0.006793 -286.232666
267.9982 -209.203308 -0.006794 -286.374023
268.3982 -209.414001 -0.006792 -286.716553
268.7982 -209.174683 -0.006792 -285.863525
269.1982 -209.273682 -0.006791 -286.601807
269.5982 -208.936829 -0.006789 -286.005615
269.9982 -209.357727 -0.006793 -285.439209
270.3982 -209.583069 -0.006788 -287.344727
270.7982 -208.853149 -0.006794 -286.146484
271.1982 -209.343567 -0.006792 -286.317383
271.5981 -209.062622 -0.006791 -286.745361
271.9981 -208.950867 -0.006790 -286.403076
272.3981 -208.615295 -0.006794 -286.374023
272.7981 -208.978699 -0.006800 -286.487793
273.1981 -209.174683 -0.006798 -286.515869
273.5981 -209.203308 -0.006794 -286.174561
273.9981 -209.442566 -0.006792 -285.608154
274.3981 -208.866760 -0.006796 -286.687988
274.7981 -208.712891 -0.006796 -285.608154
275.1981 -209.104858 -0.006795 -285.976807
275.5981 -209.091370 -0.006795 -286.830566
275.9981 -209.301392 -0.006790 -286.317383
276.3981 -209.372253 -0.006795 -286.801514
276.7981 -209.315552 -0.006792 -285.637695
277.1981 -209.348877 -0.006790 -286.716553
277.5981 -209.568665 -0.006800 -287.001465
277.998 -209.251160 -0.006797 -286.801514
278.398 -209.814575 -0.006792 -286.346191
278.798 -209.222595 -0.006799 -286.772949
279.198 -209.786438 -0.006796 -287.517334
279.598 -209.315552 -0.006797 -286.403076
279.998 -209.377380 -0.006797 -286.146484
280.398 -209.259216 -0.006792 -286.317383
280.798 -209.363831 -0.006799 -286.801514
281.198 -209.428040 -0.006790 -287.832764
281.598 -209.301392 -0.006791 -286.515869
281.998 -209.462036 -0.006796 -286.801514
282.398 -209.701843 -0.006795 -287.144287
282.798 -209.236511 -0.006797 -287.631104
283.198 -209.984009 -0.006796 -287.144287
283.598 -209.546692 -0.006800 -287.517334
283.998 -209.814575 -0.006802 -286.601807
284.3979 -209.780945 -0.006804 -287.229492
284.7979 -209.546692 -0.006802 -288.121094
285.1979 -209.602783 -0.006793 -287.287842
285.5979 -209.489868 -0.006796 -287.001465
285.9979 -209.856934 -0.006800 -287.574219
286.3979 -209.729919 -0.006796 -287.775635
286.7979 -209.391663 -0.006798 -287.832764
287.1979 -209.998352 -0.006801 -288.035400
287.5979 -209.879700 -0.006800 -287.718018
287.9979 -209.964355 -0.006807 -287.747070
288.3979 -210.162842 -0.006805 -288.322021
288.7979 -210.105896 -0.006805 -288.293457
289.1979 -210.432617 -0.006805 -288.322021
289.5979 -209.794617 -0.006800 -289.394287
289.9979 -209.978027 -0.006799 -288.148926
290.3979 -210.077698 -0.006806 -288.178467
290.7979 -209.625061 -0.006802 -287.747070
291.1978 -209.879700 -0.006803 -288.785400
291.5978 -209.709778 -0.006802 -287.861572
291.9978 -209.470337 -0.006799 -287.001465
292.3978 -209.062622 -0.006793 -286.601807
292.7978 -209.222595 -0.006792 -286.716553
293.1978 -209.391663 -0.006787 -286.601807
293.5978 -209.125000 -0.006791 -287.229492
293.9978 -209.391663 -0.006793 -287.201416
294.3978 -209.574829 -0.006794 -286.515869
294.7978 -209.631226 -0.006800 -287.574219
295.1978 -209.772461 -0.006799 -287.603516
295.5978 -209.462036 -0.006795 -287.718018
295.9978 -209.786438 -0.006802 -287.661133
296.3978 -209.476196 -0.006791 -287.459229
296.7978 -209.984009 -0.006798 -287.661133
297.1978 -209.758301 -0.006805 -287.229492
297.5977 -209.433350 -0.006793 -286.289551
297.9977 -209.574829 -0.006794 -286.887207
298.3977 -209.617065 -0.006797 -286.915283
298.7977 -209.489868 -0.006795 -287.603516
299.1977 -209.645508 -0.006801 -286.574219
299.5977 -209.758301 -0.006796 -287.316650
299.9977 -209.729919 -0.006799 -287.459229
300.3977 -210.111877 -0.006798 -287.259033
300.7977 -209.758301 -0.006797 -287.603516
301.1977 -209.870911 -0.006804 -288.467285
301.5977 -210.148743 -0.006804 -288.437988
301.9977 -209.546692 -0.006801 -288.178467
302.3977 -209.884766 -0.006796 -287.890869
302.7977 -210.041199 -0.006805 -287.747070
303.1977 -209.984009 -0.006798 -287.919434
303.5977 -210.041199 -0.006796 -287.489258
303.9977 -210.041199 -0.006804 -287.689941
304.3976 -209.743774 -0.006801 -287.689941
304.7976 -210.012695 -0.006803 -287.115479
305.1976 -209.447937 -0.006794 -286.830566
305.5976 -209.476196 -0.006794 -286.745361
305.9976 -209.574829 -0.006792 -285.750000
306.3976 -209.125000 -0.006797 -287.689941
306.7976 -209.153076 -0.006800 -286.403076
307.1976 -209.504517 -0.006790 -286.005615
307.5976 -209.209229 -0.006795 -286.403076
307.9976 -209.377380 -0.006797 -286.659668
308.3976 -209.687622 -0.006794 -287.058350
308.7976 -209.617065 -0.006798 -286.915283
309.1976 -209.335144 -0.006792 -287.087646
309.5976 -209.729919 -0.006801 -286.772949
309.9976 -209.306946 -0.006797 -286.973145
310.3976 -209.546692 -0.006796 -286.801514
310.7975 -209.546692 -0.006803 -286.745361
311.1975 -209.138855 -0.006795 -286.915283
311.5975 -209.012573 -0.006794 -286.630127
311.9975 -209.153076 -0.006795 -286.630127
312.3975 -209.236511 -0.006792 -286.574219
312.7975 -209.566223 -0.006791 -287.201416
313.1975 -209.405640 -0.006792 -286.574219
313.5975 -209.735168 -0.006796 -287.144287
313.9975 -209.631226 -0.006796 -287.373291
314.3975 -209.927979 -0.006795 -287.229492
314.7975 -209.692810 -0.006795 -286.915283
315.1975 -209.984009 -0.006805 -286.687988
315.5975 -209.899475 -0.006801 -287.431396
315.9975 -209.856934 -0.006796 -287.603516
316.3975 -209.729919 -0.006798 -287.919434
316.7975 -209.890747 -0.006796 -287.459229
317.1974 -210.145996 -0.006798 -287.631104
317.5974 -210.159668 -0.006806 -286.801514
317.9974 -210.003845 -0.006800 -286.659668
318.3974 -209.706909 -0.006801 -287.804443
318.7974 -210.500732 -0.006805 -287.948975
319.1974 -210.217041 -0.006801 -288.640625
319.5974 -209.989990 -0.006798 -288.496582
319.9974 -210.273438 -0.006804 -287.804443
320.3974 -209.819641 -0.006802 -287.718018
320.7974 -210.074707 -0.006802 -287.201416
321.1974 -210.046692 -0.006809 -287.287842
321.5974 -209.848694 -0.006799 -287.861572
321.9974 -210.273438 -0.006805 -287.603516
322.3974 -210.415283 -0.006803 -288.035400
322.7974 -210.273438 -0.006804 -288.640625
323.1974 -210.444092 -0.006803 -287.804443
323.5974 -209.594421 -0.006802 -287.603516
323.9973 -209.467834 -0.006800 -288.148926
324.3973 -209.692810 -0.006797 -288.236084
324.7973 -210.401672 -0.006805 -288.148926
325.1973 -210.061340 -0.006805 -287.489258
325.5973 -210.117371 -0.006800 -288.121094
325.9973 -209.791504 -0.006796 -286.232666
326.3973 -209.904846 -0.006796 -286.346191
326.7973 -209.735168 -0.006797 -286.887207
327.1973 -209.566223 -0.006790 -286.915283
327.5973 -209.473206 -0.006790 -286.887207
327.9973 -209.684814 -0.006794 -286.801514
328.3973 -209.698792 -0.006789 -286.346191
328.7973 -209.670044 -0.006799 -287.689941
329.1973 -209.995178 -0.006797 -287.287842
329.5973 -210.009644 -0.006802 -288.006592
329.9973 -210.364014 -0.006801 -288.035400
330.3972 -210.293579 -0.006800 -288.814941
330.7972 -210.321350 -0.006803 -288.496582
331.1972 -210.563110 -0.006808 -288.524414
331.5972 -210.634888 -0.006808 -288.698486
331.9972 -210.429749 -0.006808 -288.467285
332.3972 -210.137634 -0.006803 -288.467285
332.7972 -210.605835 -0.006809 -288.266113
333.1972 -210.648804 -0.006805 -288.467285
333.5972 -210.003845 -0.006805 -287.804443
333.9972 -209.557861 -0.006797 -287.316650
334.3972 -208.794128 -0.006781 -289.541260
334.7972 -209.566223 -0.006781 -284.763672
335.1972 -209.396667 -0.006788 -286.772949
335.5972 -208.153015 -0.006777 -284.258301
335.9972 -208.181335 -0.006779 -284.594727
336.3972 -208.836060 -0.006777 -283.420654
336.7971 -207.875977 -0.006776 -284.119141
337.1971 -208.055786 -0.006775 -283.699219
337.5971 -208.111877 -0.006776 -284.258301
337.9971 -208.403687 -0.006779 -283.671143
338.3971 -208.033813 -0.006777 -276.333740
338.7971 -203.211365 -0.006634 -251.515503
339.1971 -176.016907 -0.006133 -209.277344
339.5971 -153.977234 -0.005673 -181.283752
339.9971 -136.972595 -0.005272 -162.525940
340.3971 -123.325073 -0.004915 -146.310913
340.7971 -107.792870 -0.004452 -128.333359
341.1971 -95.189011 -0.004089 -115.915390
341.5971 -85.117378 -0.003751 -104.435806
341.9971 -73.762039 -0.003407 -92.143723
342.3971 -61.945919 -0.002997 -80.844315
342.7971 -53.240417 -0.002706 -71.703796
343.1971 -44.394386 -0.002391 -62.100239
343.597 -31.813810 -0.001913 -45.913612
343.997 -13.212100 -0.001176 -27.440945
344.397 -3.909229 -0.000852 -19.850601
344.797 1.561980 -0.000702 -17.941214
345.197 1.899152 -0.000682 -17.276846
345.597 3.064425 -0.000626 -15.708715
