21.77 10.875000
42.33 24.593750
34.22 21.562500
31.78 19.093750
28.04 16.218750
23.9 12.937500
31.13 16.593750
27.41 14.968750
23.68 12.656250
19.63 8.750000
20.62 9.687500
25.17 12.187500
22.54 11.593750
21.42 10.781250
21.16 10.625000
20.98 10.437500
20.87 10.312500
20.75 10.218750
20.71 10.187500
20.62 10.062500
20.54 9.968750
20.41 9.812500
20.33 9.718750
20.26 9.625000
18.99 8.437500
19.34 8.593750
17.89 8.000000
19.14 8.312500
19.55 8.843750
19.72 9.062500
20.22 9.187500
19.89 9.156250
21.03 10.062500
20.02 9.343750
24.31 10.562500
21.58 10.312500
21.18 10.187500
21.06 10.125000
20.93 10.062500
26.23 13.468750
25.13 13.187500
23.89 12.656250
23.67 12.562500
23.28 12.343750
23.01 12.156250
22.76 11.968750
22.59 11.875000
22.43 11.718750
22.24 11.531250
22.12 11.406250
21.77 11.156250
21.52 10.937500
21.37 10.718750
